<!DOCTYPE html>
<!-- Generated by pkgdown: do not edit by hand --><html lang="en"><head><meta http-equiv="Content-Type" content="text/html; charset=UTF-8"><meta charset="utf-8"><meta http-equiv="X-UA-Compatible" content="IE=edge"><meta name="viewport" content="width=device-width, initial-scale=1.0"><title>Multinomial logit, quasi-randomized classification model with 2 shrinkage parameters — Ridge2Classifier • nnetsauce</title><!-- jquery --><script src="https://cdnjs.cloudflare.com/ajax/libs/jquery/3.7.1/jquery.min.js" integrity="sha512-v2CJ7UaYy4JwqLDIrZUI/4hqeoQieOmAZNXBeQyjo21dadnwR+8ZaIJVT8EE2iyI61OV8e6M8PP2/4hpQINQ/g==" crossorigin="anonymous" referrerpolicy="no-referrer"></script><!-- Bootstrap --><link rel="stylesheet" href="https://cdnjs.cloudflare.com/ajax/libs/twitter-bootstrap/3.4.1/css/bootstrap.min.css" integrity="sha256-bZLfwXAP04zRMK2BjiO8iu9pf4FbLqX6zitd+tIvLhE=" crossorigin="anonymous"><script src="https://cdnjs.cloudflare.com/ajax/libs/twitter-bootstrap/3.4.1/js/bootstrap.min.js" integrity="sha256-nuL8/2cJ5NDSSwnKD8VqreErSWHtnEP9E7AySL+1ev4=" crossorigin="anonymous"></script><!-- bootstrap-toc --><link rel="stylesheet" href="../bootstrap-toc.css"><script src="../bootstrap-toc.js"></script><!-- Font Awesome icons --><link rel="stylesheet" href="https://cdnjs.cloudflare.com/ajax/libs/font-awesome/5.12.1/css/all.min.css" integrity="sha256-mmgLkCYLUQbXn0B1SRqzHar6dCnv9oZFPEC1g1cwlkk=" crossorigin="anonymous"><link rel="stylesheet" href="https://cdnjs.cloudflare.com/ajax/libs/font-awesome/5.12.1/css/v4-shims.min.css" integrity="sha256-wZjR52fzng1pJHwx4aV2AO3yyTOXrcDW7jBpJtTwVxw=" crossorigin="anonymous"><!-- clipboard.js --><script src="https://cdnjs.cloudflare.com/ajax/libs/clipboard.js/2.0.6/clipboard.min.js" integrity="sha256-inc5kl9MA1hkeYUt+EC3BhlIgyp/2jDIyBLS6k3UxPI=" crossorigin="anonymous"></script><!-- headroom.js --><script src="https://cdnjs.cloudflare.com/ajax/libs/headroom/0.11.0/headroom.min.js" integrity="sha256-AsUX4SJE1+yuDu5+mAVzJbuYNPHj/WroHuZ8Ir/CkE0=" crossorigin="anonymous"></script><script src="https://cdnjs.cloudflare.com/ajax/libs/headroom/0.11.0/jQuery.headroom.min.js" integrity="sha256-ZX/yNShbjqsohH1k95liqY9Gd8uOiE1S4vZc+9KQ1K4=" crossorigin="anonymous"></script><!-- pkgdown --><link href="../pkgdown.css" rel="stylesheet"><script src="../pkgdown.js"></script><meta property="og:title" content="Multinomial logit, quasi-randomized classification model with 2 shrinkage parameters — Ridge2Classifier"><meta property="og:description" content="Parameters' description can be found at https://techtonique.github.io/nnetsauce/"><!-- mathjax --><script src="https://cdnjs.cloudflare.com/ajax/libs/mathjax/2.7.5/MathJax.js" integrity="sha256-nvJJv9wWKEm88qvoQl9ekL2J+k/RWIsaSScxxlsrv8k=" crossorigin="anonymous"></script><script src="https://cdnjs.cloudflare.com/ajax/libs/mathjax/2.7.5/config/TeX-AMS-MML_HTMLorMML.js" integrity="sha256-84DKXVJXs0/F8OTMzX4UR909+jtl4G7SPypPavF+GfA=" crossorigin="anonymous"></script><!--[if lt IE 9]>
<script src="https://oss.maxcdn.com/html5shiv/3.7.3/html5shiv.min.js"></script>
<script src="https://oss.maxcdn.com/respond/1.4.2/respond.min.js"></script>
<![endif]--></head><body data-spy="scroll" data-target="#toc">


    <div class="container template-reference-topic">
      <header><div class="navbar navbar-default navbar-fixed-top" role="navigation">
  <div class="container">
    <div class="navbar-header">
      <button type="button" class="navbar-toggle collapsed" data-toggle="collapse" data-target="#navbar" aria-expanded="false">
        <span class="sr-only">Toggle navigation</span>
        <span class="icon-bar"></span>
        <span class="icon-bar"></span>
        <span class="icon-bar"></span>
      </button>
      <span class="navbar-brand">
        <a class="navbar-link" href="../index.html">nnetsauce</a>
        <span class="version label label-default" data-toggle="tooltip" data-placement="bottom" title="">0.31.1</span>
      </span>
    </div>

    <div id="navbar" class="navbar-collapse collapse">
      <ul class="nav navbar-nav"><li>
  <a href="../reference/index.html">Reference</a>
</li>
      </ul><ul class="nav navbar-nav navbar-right"></ul></div><!--/.nav-collapse -->
  </div><!--/.container -->
</div><!--/.navbar -->



      </header><div class="row">
  <div class="col-md-9 contents">
    <div class="page-header">
    <h1>Multinomial logit, quasi-randomized classification model with 2 shrinkage parameters</h1>

    <div class="hidden name"><code>Ridge2Classifier.Rd</code></div>
    </div>

    <div class="ref-description">
    <p>Parameters' description can be found at <a href="https://techtonique.github.io/nnetsauce/" class="external-link">https://techtonique.github.io/nnetsauce/</a></p>
    </div>

    <div id="ref-usage">
    <div class="sourceCode"><pre class="sourceCode r"><code><span><span class="fu">Ridge2Classifier</span><span class="op">(</span></span>
<span>  n_hidden_features <span class="op">=</span> <span class="fl">5L</span>,</span>
<span>  activation_name <span class="op">=</span> <span class="st">"relu"</span>,</span>
<span>  a <span class="op">=</span> <span class="fl">0.01</span>,</span>
<span>  nodes_sim <span class="op">=</span> <span class="st">"sobol"</span>,</span>
<span>  bias <span class="op">=</span> <span class="cn">TRUE</span>,</span>
<span>  dropout <span class="op">=</span> <span class="fl">0</span>,</span>
<span>  direct_link <span class="op">=</span> <span class="cn">TRUE</span>,</span>
<span>  n_clusters <span class="op">=</span> <span class="fl">2L</span>,</span>
<span>  cluster_encode <span class="op">=</span> <span class="cn">TRUE</span>,</span>
<span>  type_clust <span class="op">=</span> <span class="st">"kmeans"</span>,</span>
<span>  lambda1 <span class="op">=</span> <span class="fl">0.1</span>,</span>
<span>  lambda2 <span class="op">=</span> <span class="fl">0.1</span>,</span>
<span>  seed <span class="op">=</span> <span class="fl">123L</span>,</span>
<span>  backend <span class="op">=</span> <span class="fu"><a href="https://rdrr.io/r/base/c.html" class="external-link">c</a></span><span class="op">(</span><span class="st">"cpu"</span>, <span class="st">"gpu"</span>, <span class="st">"tpu"</span><span class="op">)</span></span>
<span><span class="op">)</span></span></code></pre></div>
    </div>


    <div id="ref-examples">
    <h2>Examples</h2>
    <div class="sourceCode"><pre class="sourceCode r"><code><span class="r-in"><span></span></span>
<span class="r-in"><span><span class="kw"><a href="https://rdrr.io/r/base/library.html" class="external-link">library</a></span><span class="op">(</span><span class="va">datasets</span><span class="op">)</span></span></span>
<span class="r-in"><span></span></span>
<span class="r-in"><span><span class="va">X</span> <span class="op">&lt;-</span> <span class="fu"><a href="https://rdrr.io/r/base/matrix.html" class="external-link">as.matrix</a></span><span class="op">(</span><span class="va">iris</span><span class="op">[</span>, <span class="fl">1</span><span class="op">:</span><span class="fl">4</span><span class="op">]</span><span class="op">)</span></span></span>
<span class="r-in"><span><span class="va">y</span> <span class="op">&lt;-</span> <span class="fu"><a href="https://rdrr.io/r/base/integer.html" class="external-link">as.integer</a></span><span class="op">(</span><span class="va">iris</span><span class="op">[</span>, <span class="fl">5</span><span class="op">]</span><span class="op">)</span> <span class="op">-</span> <span class="fl">1L</span></span></span>
<span class="r-in"><span></span></span>
<span class="r-in"><span><span class="op">(</span><span class="va">index_train</span> <span class="op">&lt;-</span> <span class="fu">base</span><span class="fu">::</span><span class="fu"><a href="https://rdrr.io/r/base/sample.html" class="external-link">sample.int</a></span><span class="op">(</span>n <span class="op">=</span> <span class="fu"><a href="https://rdrr.io/r/base/nrow.html" class="external-link">nrow</a></span><span class="op">(</span><span class="va">X</span><span class="op">)</span>,</span></span>
<span class="r-in"><span>                                 size <span class="op">=</span> <span class="fu"><a href="https://rdrr.io/r/base/Round.html" class="external-link">floor</a></span><span class="op">(</span><span class="fl">0.8</span><span class="op">*</span><span class="fu"><a href="https://rdrr.io/r/base/nrow.html" class="external-link">nrow</a></span><span class="op">(</span><span class="va">X</span><span class="op">)</span><span class="op">)</span>,</span></span>
<span class="r-in"><span>                                 replace <span class="op">=</span> <span class="cn">FALSE</span><span class="op">)</span><span class="op">)</span></span></span>
<span class="r-out co"><span class="r-pr">#&gt;</span>   [1]  99  35  26  13  36  28  44  54  29  93 147 116   5  56  77  92  72 126</span>
<span class="r-out co"><span class="r-pr">#&gt;</span>  [19]  75  87  94  48  15  65 143 108  10  86  42 100  41  25 130  52  37  27</span>
<span class="r-out co"><span class="r-pr">#&gt;</span>  [37]  73  83 149  34  63 131  76  79  49 112 142  71 141  45 111 114  47   1</span>
<span class="r-out co"><span class="r-pr">#&gt;</span>  [55] 124 120  95  39 109   6  32  61  80  16   2 121  78  30 145  58 113 102</span>
<span class="r-out co"><span class="r-pr">#&gt;</span>  [73]  70  68  67  46  59 129  96  82 125  97 144 106  33 146  51 140  50 128</span>
<span class="r-out co"><span class="r-pr">#&gt;</span>  [91] 110 132  88  55  18 136  62 107 148 127  64   3 119  11  81 135  98  38</span>
<span class="r-out co"><span class="r-pr">#&gt;</span> [109]  90  31 139 123  22  17 138  89 122 115  43 118</span>
<span class="r-in"><span><span class="va">X_train</span> <span class="op">&lt;-</span> <span class="va">X</span><span class="op">[</span><span class="va">index_train</span>, <span class="op">]</span></span></span>
<span class="r-in"><span><span class="va">y_train</span> <span class="op">&lt;-</span> <span class="va">y</span><span class="op">[</span><span class="va">index_train</span><span class="op">]</span></span></span>
<span class="r-in"><span><span class="va">X_test</span> <span class="op">&lt;-</span> <span class="va">X</span><span class="op">[</span><span class="op">-</span><span class="va">index_train</span>, <span class="op">]</span></span></span>
<span class="r-in"><span><span class="va">y_test</span> <span class="op">&lt;-</span> <span class="va">y</span><span class="op">[</span><span class="op">-</span><span class="va">index_train</span><span class="op">]</span></span></span>
<span class="r-in"><span></span></span>
<span class="r-in"><span><span class="va">obj</span> <span class="op">&lt;-</span> <span class="fu">Ridge2Classifier</span><span class="op">(</span><span class="op">)</span></span></span>
<span class="r-in"><span><span class="va">obj</span><span class="op">$</span><span class="fu">fit</span><span class="op">(</span><span class="va">X_train</span>, <span class="va">y_train</span><span class="op">)</span></span></span>
<span class="r-out co"><span class="r-pr">#&gt;</span> Ridge2Classifier(dropout=0.0)</span>
<span class="r-in"><span><span class="fu"><a href="https://rdrr.io/r/base/print.html" class="external-link">print</a></span><span class="op">(</span><span class="va">obj</span><span class="op">$</span><span class="fu">score</span><span class="op">(</span><span class="va">X_test</span>, <span class="va">y_test</span><span class="op">)</span><span class="op">)</span></span></span>
<span class="r-out co"><span class="r-pr">#&gt;</span> [1] 0.9</span>
<span class="r-in"><span><span class="fu"><a href="https://rdrr.io/r/base/print.html" class="external-link">print</a></span><span class="op">(</span><span class="va">obj</span><span class="op">$</span><span class="fu">predict_proba</span><span class="op">(</span><span class="va">X_train</span><span class="op">)</span><span class="op">)</span></span></span>
<span class="r-out co"><span class="r-pr">#&gt;</span>               [,1]        [,2]        [,3]</span>
<span class="r-out co"><span class="r-pr">#&gt;</span>   [1,] 0.194300405 0.632274685 0.173424910</span>
<span class="r-out co"><span class="r-pr">#&gt;</span>   [2,] 0.926674339 0.054878407 0.018447254</span>
<span class="r-out co"><span class="r-pr">#&gt;</span>   [3,] 0.915425641 0.063162027 0.021412332</span>
<span class="r-out co"><span class="r-pr">#&gt;</span>   [4,] 0.924952735 0.056503670 0.018543595</span>
<span class="r-out co"><span class="r-pr">#&gt;</span>   [5,] 0.937013380 0.046862229 0.016124391</span>
<span class="r-out co"><span class="r-pr">#&gt;</span>   [6,] 0.954094902 0.032184724 0.013720374</span>
<span class="r-out co"><span class="r-pr">#&gt;</span>   [7,] 0.950698025 0.032549579 0.016752396</span>
<span class="r-out co"><span class="r-pr">#&gt;</span>   [8,] 0.115181502 0.675426177 0.209392322</span>
<span class="r-out co"><span class="r-pr">#&gt;</span>   [9,] 0.948382856 0.036852458 0.014764686</span>
<span class="r-out co"><span class="r-pr">#&gt;</span>  [10,] 0.138702378 0.631188215 0.230109408</span>
<span class="r-out co"><span class="r-pr">#&gt;</span>  [11,] 0.048930804 0.438148697 0.512920499</span>
<span class="r-out co"><span class="r-pr">#&gt;</span>  [12,] 0.043122480 0.160500710 0.796376810</span>
<span class="r-out co"><span class="r-pr">#&gt;</span>  [13,] 0.961984364 0.026507064 0.011508571</span>
<span class="r-out co"><span class="r-pr">#&gt;</span>  [14,] 0.140846432 0.572598258 0.286555310</span>
<span class="r-out co"><span class="r-pr">#&gt;</span>  [15,] 0.068277921 0.397015976 0.534706104</span>
<span class="r-out co"><span class="r-pr">#&gt;</span>  [16,] 0.126741764 0.441530708 0.431727529</span>
<span class="r-out co"><span class="r-pr">#&gt;</span>  [17,] 0.134110640 0.550160052 0.315729307</span>
<span class="r-out co"><span class="r-pr">#&gt;</span>  [18,] 0.027181075 0.130682486 0.842136439</span>
<span class="r-out co"><span class="r-pr">#&gt;</span>  [19,] 0.115927188 0.469689841 0.414382971</span>
<span class="r-out co"><span class="r-pr">#&gt;</span>  [20,] 0.085125515 0.309902259 0.604972226</span>
<span class="r-out co"><span class="r-pr">#&gt;</span>  [21,] 0.162752990 0.658482431 0.178764579</span>
<span class="r-out co"><span class="r-pr">#&gt;</span>  [22,] 0.939407966 0.045533110 0.015058924</span>
<span class="r-out co"><span class="r-pr">#&gt;</span>  [23,] 0.974722664 0.015737908 0.009539429</span>
<span class="r-out co"><span class="r-pr">#&gt;</span>  [24,] 0.198310988 0.572354845 0.229334167</span>
<span class="r-out co"><span class="r-pr">#&gt;</span>  [25,] 0.074580466 0.445922372 0.479497161</span>
<span class="r-out co"><span class="r-pr">#&gt;</span>  [26,] 0.019350611 0.156906754 0.823742635</span>
<span class="r-out co"><span class="r-pr">#&gt;</span>  [27,] 0.929371677 0.053105474 0.017522849</span>
<span class="r-out co"><span class="r-pr">#&gt;</span>  [28,] 0.158096685 0.302768422 0.539134893</span>
<span class="r-out co"><span class="r-pr">#&gt;</span>  [29,] 0.852434047 0.110186710 0.037379243</span>
<span class="r-out co"><span class="r-pr">#&gt;</span>  [30,] 0.155266332 0.585283673 0.259449995</span>
<span class="r-out co"><span class="r-pr">#&gt;</span>  [31,] 0.956270469 0.030582682 0.013146850</span>
<span class="r-out co"><span class="r-pr">#&gt;</span>  [32,] 0.947886327 0.037384618 0.014729054</span>
<span class="r-out co"><span class="r-pr">#&gt;</span>  [33,] 0.033247835 0.199658538 0.767093627</span>
<span class="r-out co"><span class="r-pr">#&gt;</span>  [34,] 0.117823721 0.330041271 0.552135008</span>
<span class="r-out co"><span class="r-pr">#&gt;</span>  [35,] 0.953060702 0.032649423 0.014289874</span>
<span class="r-out co"><span class="r-pr">#&gt;</span>  [36,] 0.946281962 0.037323921 0.016394117</span>
<span class="r-out co"><span class="r-pr">#&gt;</span>  [37,] 0.065182455 0.535873550 0.398943994</span>
<span class="r-out co"><span class="r-pr">#&gt;</span>  [38,] 0.152578711 0.614074618 0.233346671</span>
<span class="r-out co"><span class="r-pr">#&gt;</span>  [39,] 0.052954776 0.142225907 0.804819318</span>
<span class="r-out co"><span class="r-pr">#&gt;</span>  [40,] 0.980914465 0.011404822 0.007680713</span>
<span class="r-out co"><span class="r-pr">#&gt;</span>  [41,] 0.099425178 0.675606588 0.224968234</span>
<span class="r-out co"><span class="r-pr">#&gt;</span>  [42,] 0.016754053 0.158065457 0.825180490</span>
<span class="r-out co"><span class="r-pr">#&gt;</span>  [43,] 0.101451839 0.387319305 0.511228857</span>
<span class="r-out co"><span class="r-pr">#&gt;</span>  [44,] 0.120114320 0.471128759 0.408756921</span>
<span class="r-out co"><span class="r-pr">#&gt;</span>  [45,] 0.964221289 0.024145036 0.011633675</span>
<span class="r-out co"><span class="r-pr">#&gt;</span>  [46,] 0.047563865 0.344928863 0.607507271</span>
<span class="r-out co"><span class="r-pr">#&gt;</span>  [47,] 0.029666739 0.140128894 0.830204367</span>
<span class="r-out co"><span class="r-pr">#&gt;</span>  [48,] 0.117104870 0.320644675 0.562250455</span>
<span class="r-out co"><span class="r-pr">#&gt;</span>  [49,] 0.025472907 0.127676485 0.846850608</span>
<span class="r-out co"><span class="r-pr">#&gt;</span>  [50,] 0.966095570 0.021643290 0.012261140</span>
<span class="r-out co"><span class="r-pr">#&gt;</span>  [51,] 0.057828325 0.202331537 0.739840138</span>
<span class="r-out co"><span class="r-pr">#&gt;</span>  [52,] 0.065040929 0.507038761 0.427920309</span>
<span class="r-out co"><span class="r-pr">#&gt;</span>  [53,] 0.969371930 0.020439126 0.010188944</span>
<span class="r-out co"><span class="r-pr">#&gt;</span>  [54,] 0.955685638 0.031271827 0.013042535</span>
<span class="r-out co"><span class="r-pr">#&gt;</span>  [55,] 0.063047249 0.406295874 0.530656877</span>
<span class="r-out co"><span class="r-pr">#&gt;</span>  [56,] 0.059703553 0.624508743 0.315787704</span>
<span class="r-out co"><span class="r-pr">#&gt;</span>  [57,] 0.146010191 0.614642175 0.239347634</span>
<span class="r-out co"><span class="r-pr">#&gt;</span>  [58,] 0.930227741 0.052532885 0.017239374</span>
<span class="r-out co"><span class="r-pr">#&gt;</span>  [59,] 0.030569635 0.347275429 0.622154936</span>
<span class="r-out co"><span class="r-pr">#&gt;</span>  [60,] 0.969527590 0.018860661 0.011611749</span>
<span class="r-out co"><span class="r-pr">#&gt;</span>  [61,] 0.943104760 0.038944254 0.017950985</span>
<span class="r-out co"><span class="r-pr">#&gt;</span>  [62,] 0.118362529 0.691810268 0.189827203</span>
<span class="r-out co"><span class="r-pr">#&gt;</span>  [63,] 0.177278820 0.638772184 0.183948996</span>
<span class="r-out co"><span class="r-pr">#&gt;</span>  [64,] 0.982010564 0.008967929 0.009021507</span>
<span class="r-out co"><span class="r-pr">#&gt;</span>  [65,] 0.920306113 0.059667145 0.020026742</span>
<span class="r-out co"><span class="r-pr">#&gt;</span>  [66,] 0.023656275 0.108071262 0.868272464</span>
<span class="r-out co"><span class="r-pr">#&gt;</span>  [67,] 0.061024983 0.281483175 0.657491842</span>
<span class="r-out co"><span class="r-pr">#&gt;</span>  [68,] 0.936287214 0.047530771 0.016182016</span>
<span class="r-out co"><span class="r-pr">#&gt;</span>  [69,] 0.023538655 0.091161316 0.885300029</span>
<span class="r-out co"><span class="r-pr">#&gt;</span>  [70,] 0.181953348 0.644126244 0.173920408</span>
<span class="r-out co"><span class="r-pr">#&gt;</span>  [71,] 0.031906823 0.177413262 0.790679915</span>
<span class="r-out co"><span class="r-pr">#&gt;</span>  [72,] 0.074580466 0.445922372 0.479497161</span>
<span class="r-out co"><span class="r-pr">#&gt;</span>  [73,] 0.148205995 0.654349212 0.197444793</span>
<span class="r-out co"><span class="r-pr">#&gt;</span>  [74,] 0.161655293 0.622730910 0.215613797</span>
<span class="r-out co"><span class="r-pr">#&gt;</span>  [75,] 0.158755651 0.484860677 0.356383673</span>
<span class="r-out co"><span class="r-pr">#&gt;</span>  [76,] 0.919147899 0.060310306 0.020541795</span>
<span class="r-out co"><span class="r-pr">#&gt;</span>  [77,] 0.094734679 0.427775967 0.477489353</span>
<span class="r-out co"><span class="r-pr">#&gt;</span>  [78,] 0.038013265 0.260455881 0.701530854</span>
<span class="r-out co"><span class="r-pr">#&gt;</span>  [79,] 0.188758536 0.531790220 0.279451244</span>
<span class="r-out co"><span class="r-pr">#&gt;</span>  [80,] 0.150539785 0.663754706 0.185705508</span>
<span class="r-out co"><span class="r-pr">#&gt;</span>  [81,] 0.036113309 0.130855634 0.833031057</span>
<span class="r-out co"><span class="r-pr">#&gt;</span>  [82,] 0.165814117 0.550044455 0.284141428</span>
<span class="r-out co"><span class="r-pr">#&gt;</span>  [83,] 0.023617127 0.109185095 0.867197778</span>
<span class="r-out co"><span class="r-pr">#&gt;</span>  [84,] 0.009739103 0.081986774 0.908274123</span>
<span class="r-out co"><span class="r-pr">#&gt;</span>  [85,] 0.979997921 0.012820454 0.007181625</span>
<span class="r-out co"><span class="r-pr">#&gt;</span>  [86,] 0.032211944 0.170500216 0.797287840</span>
<span class="r-out co"><span class="r-pr">#&gt;</span>  [87,] 0.079492033 0.265614266 0.654893701</span>
<span class="r-out co"><span class="r-pr">#&gt;</span>  [88,] 0.032012811 0.154789349 0.813197840</span>
<span class="r-out co"><span class="r-pr">#&gt;</span>  [89,] 0.943088044 0.041571674 0.015340282</span>
<span class="r-out co"><span class="r-pr">#&gt;</span>  [90,] 0.087888293 0.346327749 0.565783958</span>
<span class="r-out co"><span class="r-pr">#&gt;</span>  [91,] 0.013584862 0.041583884 0.944831254</span>
<span class="r-out co"><span class="r-pr">#&gt;</span>  [92,] 0.011564159 0.030809029 0.957626812</span>
<span class="r-out co"><span class="r-pr">#&gt;</span>  [93,] 0.074597577 0.623630994 0.301771429</span>
<span class="r-out co"><span class="r-pr">#&gt;</span>  [94,] 0.081666200 0.430212591 0.488121209</span>
<span class="r-out co"><span class="r-pr">#&gt;</span>  [95,] 0.954693719 0.031475955 0.013830326</span>
<span class="r-out co"><span class="r-pr">#&gt;</span>  [96,] 0.008942649 0.072670684 0.918386667</span>
<span class="r-out co"><span class="r-pr">#&gt;</span>  [97,] 0.148865425 0.464275396 0.386859179</span>
<span class="r-out co"><span class="r-pr">#&gt;</span>  [98,] 0.125451688 0.653177841 0.221370471</span>
<span class="r-out co"><span class="r-pr">#&gt;</span>  [99,] 0.050296534 0.240490529 0.709212937</span>
<span class="r-out co"><span class="r-pr">#&gt;</span> [100,] 0.074551683 0.396714659 0.528733658</span>
<span class="r-out co"><span class="r-pr">#&gt;</span> [101,] 0.113942942 0.468434585 0.417622473</span>
<span class="r-out co"><span class="r-pr">#&gt;</span> [102,] 0.939290243 0.045560404 0.015149354</span>
<span class="r-out co"><span class="r-pr">#&gt;</span> [103,] 0.005388028 0.091583956 0.903028015</span>
<span class="r-out co"><span class="r-pr">#&gt;</span> [104,] 0.963530445 0.024498751 0.011970804</span>
<span class="r-out co"><span class="r-pr">#&gt;</span> [105,] 0.142322878 0.665238458 0.192438664</span>
<span class="r-out co"><span class="r-pr">#&gt;</span> [106,] 0.068020767 0.514738567 0.417240665</span>
<span class="r-out co"><span class="r-pr">#&gt;</span> [107,] 0.128442644 0.494156908 0.377400448</span>
<span class="r-out co"><span class="r-pr">#&gt;</span> [108,] 0.963504133 0.025950348 0.010545519</span>
<span class="r-out co"><span class="r-pr">#&gt;</span> [109,] 0.137605875 0.653208329 0.209185796</span>
<span class="r-out co"><span class="r-pr">#&gt;</span> [110,] 0.926996114 0.054649388 0.018354498</span>
<span class="r-out co"><span class="r-pr">#&gt;</span> [111,] 0.096858262 0.364967381 0.538174357</span>
<span class="r-out co"><span class="r-pr">#&gt;</span> [112,] 0.008854332 0.102807968 0.888337700</span>
<span class="r-out co"><span class="r-pr">#&gt;</span> [113,] 0.963874653 0.023766777 0.012358570</span>
<span class="r-out co"><span class="r-pr">#&gt;</span> [114,] 0.971629084 0.017787402 0.010583514</span>
<span class="r-out co"><span class="r-pr">#&gt;</span> [115,] 0.060797777 0.250412094 0.688790129</span>
<span class="r-out co"><span class="r-pr">#&gt;</span> [116,] 0.192934454 0.528482492 0.278583054</span>
<span class="r-out co"><span class="r-pr">#&gt;</span> [117,] 0.090220362 0.433082195 0.476697443</span>
<span class="r-out co"><span class="r-pr">#&gt;</span> [118,] 0.055019418 0.308718972 0.636261610</span>
<span class="r-out co"><span class="r-pr">#&gt;</span> [119,] 0.943242551 0.042766081 0.013991368</span>
<span class="r-out co"><span class="r-pr">#&gt;</span> [120,] 0.009568034 0.026483761 0.963948205</span>
<span class="r-in"><span></span></span>
<span class="r-in"><span></span></span>
</code></pre></div>
    </div>
  </div>
  <div class="col-md-3 hidden-xs hidden-sm" id="pkgdown-sidebar">
    <nav id="toc" data-toggle="toc" class="sticky-top"><h2 data-toc-skip>Contents</h2>
    </nav></div>
</div>


      <footer><div class="copyright">
  <p></p><p>Developed by T. Moudiki.</p>
</div>

<div class="pkgdown">
  <p></p><p>Site built with <a href="https://pkgdown.r-lib.org/" class="external-link">pkgdown</a> 2.1.1.</p>
</div>

      </footer></div>






  </body></html>

