<!DOCTYPE html>
<!-- Generated by pkgdown: do not edit by hand --><html lang="en"><head><meta http-equiv="Content-Type" content="text/html; charset=UTF-8"><meta charset="utf-8"><meta http-equiv="X-UA-Compatible" content="IE=edge"><meta name="viewport" content="width=device-width, initial-scale=1.0"><title>S3 wrapper for e1071 SVM — wrap_svm • mlS3</title><!-- jquery --><script src="https://cdnjs.cloudflare.com/ajax/libs/jquery/3.7.1/jquery.min.js" integrity="sha512-v2CJ7UaYy4JwqLDIrZUI/4hqeoQieOmAZNXBeQyjo21dadnwR+8ZaIJVT8EE2iyI61OV8e6M8PP2/4hpQINQ/g==" crossorigin="anonymous" referrerpolicy="no-referrer"></script><!-- Bootstrap --><link rel="stylesheet" href="https://cdnjs.cloudflare.com/ajax/libs/twitter-bootstrap/3.4.1/css/bootstrap.min.css" integrity="sha256-bZLfwXAP04zRMK2BjiO8iu9pf4FbLqX6zitd+tIvLhE=" crossorigin="anonymous"><script src="https://cdnjs.cloudflare.com/ajax/libs/twitter-bootstrap/3.4.1/js/bootstrap.min.js" integrity="sha256-nuL8/2cJ5NDSSwnKD8VqreErSWHtnEP9E7AySL+1ev4=" crossorigin="anonymous"></script><!-- bootstrap-toc --><link rel="stylesheet" href="../bootstrap-toc.css"><script src="../bootstrap-toc.js"></script><!-- Font Awesome icons --><link rel="stylesheet" href="https://cdnjs.cloudflare.com/ajax/libs/font-awesome/5.12.1/css/all.min.css" integrity="sha256-mmgLkCYLUQbXn0B1SRqzHar6dCnv9oZFPEC1g1cwlkk=" crossorigin="anonymous"><link rel="stylesheet" href="https://cdnjs.cloudflare.com/ajax/libs/font-awesome/5.12.1/css/v4-shims.min.css" integrity="sha256-wZjR52fzng1pJHwx4aV2AO3yyTOXrcDW7jBpJtTwVxw=" crossorigin="anonymous"><!-- clipboard.js --><script src="https://cdnjs.cloudflare.com/ajax/libs/clipboard.js/2.0.6/clipboard.min.js" integrity="sha256-inc5kl9MA1hkeYUt+EC3BhlIgyp/2jDIyBLS6k3UxPI=" crossorigin="anonymous"></script><!-- headroom.js --><script src="https://cdnjs.cloudflare.com/ajax/libs/headroom/0.11.0/headroom.min.js" integrity="sha256-AsUX4SJE1+yuDu5+mAVzJbuYNPHj/WroHuZ8Ir/CkE0=" crossorigin="anonymous"></script><script src="https://cdnjs.cloudflare.com/ajax/libs/headroom/0.11.0/jQuery.headroom.min.js" integrity="sha256-ZX/yNShbjqsohH1k95liqY9Gd8uOiE1S4vZc+9KQ1K4=" crossorigin="anonymous"></script><!-- pkgdown --><link href="../pkgdown.css" rel="stylesheet"><script src="../pkgdown.js"></script><meta property="og:title" content="S3 wrapper for e1071 SVM — wrap_svm"><meta property="og:description" content="Fits an `e1071` support vector machine with a consistent
interface. Supports classification and regression."><!-- mathjax --><script src="https://cdnjs.cloudflare.com/ajax/libs/mathjax/2.7.5/MathJax.js" integrity="sha256-nvJJv9wWKEm88qvoQl9ekL2J+k/RWIsaSScxxlsrv8k=" crossorigin="anonymous"></script><script src="https://cdnjs.cloudflare.com/ajax/libs/mathjax/2.7.5/config/TeX-AMS-MML_HTMLorMML.js" integrity="sha256-84DKXVJXs0/F8OTMzX4UR909+jtl4G7SPypPavF+GfA=" crossorigin="anonymous"></script><!--[if lt IE 9]>
<script src="https://oss.maxcdn.com/html5shiv/3.7.3/html5shiv.min.js"></script>
<script src="https://oss.maxcdn.com/respond/1.4.2/respond.min.js"></script>
<![endif]--></head><body data-spy="scroll" data-target="#toc">


    <div class="container template-reference-topic">
      <header><div class="navbar navbar-default navbar-fixed-top" role="navigation">
  <div class="container">
    <div class="navbar-header">
      <button type="button" class="navbar-toggle collapsed" data-toggle="collapse" data-target="#navbar" aria-expanded="false">
        <span class="sr-only">Toggle navigation</span>
        <span class="icon-bar"></span>
        <span class="icon-bar"></span>
        <span class="icon-bar"></span>
      </button>
      <span class="navbar-brand">
        <a class="navbar-link" href="../index.html">mlS3</a>
        <span class="version label label-default" data-toggle="tooltip" data-placement="bottom" title="">0.1.1</span>
      </span>
    </div>

    <div id="navbar" class="navbar-collapse collapse">
      <ul class="nav navbar-nav"><li>
  <a href="../reference/index.html">Reference</a>
</li>
<li class="dropdown">
  <a href="#" class="dropdown-toggle" data-toggle="dropdown" role="button" data-bs-toggle="dropdown" aria-expanded="false">
    Articles

    <span class="caret"></span>
  </a>
  <ul class="dropdown-menu" role="menu"><li>
      <a href="../articles/mlS3-vignette.html">Introduction to R package `mlS3`</a>
    </li>
    <li>
      <a href="../articles/mlS3-wrap_caret-vignette.html">Introduction to R package `mlS3` -- with caret</a>
    </li>
  </ul></li>
<li>
  <a href="../news/index.html">Changelog</a>
</li>
      </ul><ul class="nav navbar-nav navbar-right"></ul></div><!--/.nav-collapse -->
  </div><!--/.container -->
</div><!--/.navbar -->



      </header><div class="row">
  <div class="col-md-9 contents">
    <div class="page-header">
    <h1>S3 wrapper for e1071 SVM</h1>

    <div class="hidden name"><code>wrap_svm.Rd</code></div>
    </div>

    <div class="ref-description">
    <p>Fits an `e1071` support vector machine with a consistent
interface. Supports classification and regression.</p>
    </div>

    <div id="ref-usage">
    <div class="sourceCode"><pre class="sourceCode r"><code><span><span class="fu">wrap_svm</span><span class="op">(</span><span class="va">x</span>, <span class="va">y</span>, <span class="va">...</span><span class="op">)</span></span>
<span></span>
<span><span class="co"># S3 method for class 'wrap_svm'</span></span>
<span><span class="fu"><a href="https://rdrr.io/r/stats/predict.html" class="external-link">predict</a></span><span class="op">(</span><span class="va">object</span>, <span class="va">newx</span>, type <span class="op">=</span> <span class="fu"><a href="https://rdrr.io/r/base/c.html" class="external-link">c</a></span><span class="op">(</span><span class="st">"class"</span>, <span class="st">"prob"</span><span class="op">)</span>, <span class="va">...</span><span class="op">)</span></span>
<span></span>
<span><span class="co"># S3 method for class 'wrap_svm'</span></span>
<span><span class="fu"><a href="https://rdrr.io/r/base/print.html" class="external-link">print</a></span><span class="op">(</span><span class="va">x</span>, <span class="va">...</span><span class="op">)</span></span></code></pre></div>
    </div>

    <div id="arguments">
    <h2>Arguments</h2>


<dl><dt id="arg-x">x<a class="anchor" aria-label="anchor" href="#arg-x"></a></dt>
<dd><p>A matrix or data.frame of features.</p></dd>


<dt id="arg-y">y<a class="anchor" aria-label="anchor" href="#arg-y"></a></dt>
<dd><p>A factor or character vector for classification, numeric for regression.</p></dd>


<dt id="arg--">...<a class="anchor" aria-label="anchor" href="#arg--"></a></dt>
<dd><p>Additional arguments passed to [e1071::svm()].
`probability = TRUE` is set automatically for classification; do not
override this if you need `type = "prob"` predictions.</p></dd>


<dt id="arg-object">object<a class="anchor" aria-label="anchor" href="#arg-object"></a></dt>
<dd><p>A fitted `wrap_svm` object.</p></dd>


<dt id="arg-newx">newx<a class="anchor" aria-label="anchor" href="#arg-newx"></a></dt>
<dd><p>A matrix or data.frame of new observations.</p></dd>


<dt id="arg-type">type<a class="anchor" aria-label="anchor" href="#arg-type"></a></dt>
<dd><p>`"class"` (default) for class labels, `"prob"` for a probability
matrix. Ignored for regression.</p></dd>

</dl></div>
    <div id="value">
    <h2>Value</h2>
    <p>An object of class `wrap_svm` with fields:</p>
<dl><dt>fit</dt>
<dd><p>The fitted svm model.</p></dd>

  <dt>levels</dt>
<dd><p>Class levels (NULL for regression).</p></dd>

  <dt>task</dt>
<dd><p>"classification" or "regression".</p></dd>

</dl></div>

    <div id="ref-examples">
    <h2>Examples</h2>
    <div class="sourceCode"><pre class="sourceCode r"><code><span class="r-in"><span></span></span>
<span class="r-in"><span><span class="va">X</span> <span class="op">&lt;-</span> <span class="fu"><a href="https://rdrr.io/r/base/matrix.html" class="external-link">as.matrix</a></span><span class="op">(</span><span class="va">iris</span><span class="op">[</span>, <span class="fl">1</span><span class="op">:</span><span class="fl">4</span><span class="op">]</span><span class="op">)</span></span></span>
<span class="r-in"><span><span class="va">y</span> <span class="op">&lt;-</span> <span class="va">iris</span><span class="op">$</span><span class="va">Species</span></span></span>
<span class="r-in"><span><span class="va">mod</span> <span class="op">&lt;-</span> <span class="fu">wrap_svm</span><span class="op">(</span><span class="va">X</span>, <span class="va">y</span>, kernel <span class="op">=</span> <span class="st">"radial"</span><span class="op">)</span></span></span>
<span class="r-in"><span><span class="fu"><a href="https://rdrr.io/r/stats/predict.html" class="external-link">predict</a></span><span class="op">(</span><span class="va">mod</span>, newx <span class="op">=</span> <span class="va">X</span>, type <span class="op">=</span> <span class="st">"class"</span><span class="op">)</span></span></span>
<span class="r-out co"><span class="r-pr">#&gt;</span>          1          2          3          4          5          6          7 </span>
<span class="r-out co"><span class="r-pr">#&gt;</span>     setosa     setosa     setosa     setosa     setosa     setosa     setosa </span>
<span class="r-out co"><span class="r-pr">#&gt;</span>          8          9         10         11         12         13         14 </span>
<span class="r-out co"><span class="r-pr">#&gt;</span>     setosa     setosa     setosa     setosa     setosa     setosa     setosa </span>
<span class="r-out co"><span class="r-pr">#&gt;</span>         15         16         17         18         19         20         21 </span>
<span class="r-out co"><span class="r-pr">#&gt;</span>     setosa     setosa     setosa     setosa     setosa     setosa     setosa </span>
<span class="r-out co"><span class="r-pr">#&gt;</span>         22         23         24         25         26         27         28 </span>
<span class="r-out co"><span class="r-pr">#&gt;</span>     setosa     setosa     setosa     setosa     setosa     setosa     setosa </span>
<span class="r-out co"><span class="r-pr">#&gt;</span>         29         30         31         32         33         34         35 </span>
<span class="r-out co"><span class="r-pr">#&gt;</span>     setosa     setosa     setosa     setosa     setosa     setosa     setosa </span>
<span class="r-out co"><span class="r-pr">#&gt;</span>         36         37         38         39         40         41         42 </span>
<span class="r-out co"><span class="r-pr">#&gt;</span>     setosa     setosa     setosa     setosa     setosa     setosa     setosa </span>
<span class="r-out co"><span class="r-pr">#&gt;</span>         43         44         45         46         47         48         49 </span>
<span class="r-out co"><span class="r-pr">#&gt;</span>     setosa     setosa     setosa     setosa     setosa     setosa     setosa </span>
<span class="r-out co"><span class="r-pr">#&gt;</span>         50         51         52         53         54         55         56 </span>
<span class="r-out co"><span class="r-pr">#&gt;</span>     setosa versicolor versicolor versicolor versicolor versicolor versicolor </span>
<span class="r-out co"><span class="r-pr">#&gt;</span>         57         58         59         60         61         62         63 </span>
<span class="r-out co"><span class="r-pr">#&gt;</span> versicolor versicolor versicolor versicolor versicolor versicolor versicolor </span>
<span class="r-out co"><span class="r-pr">#&gt;</span>         64         65         66         67         68         69         70 </span>
<span class="r-out co"><span class="r-pr">#&gt;</span> versicolor versicolor versicolor versicolor versicolor versicolor versicolor </span>
<span class="r-out co"><span class="r-pr">#&gt;</span>         71         72         73         74         75         76         77 </span>
<span class="r-out co"><span class="r-pr">#&gt;</span> versicolor versicolor versicolor versicolor versicolor versicolor versicolor </span>
<span class="r-out co"><span class="r-pr">#&gt;</span>         78         79         80         81         82         83         84 </span>
<span class="r-out co"><span class="r-pr">#&gt;</span>  virginica versicolor versicolor versicolor versicolor versicolor  virginica </span>
<span class="r-out co"><span class="r-pr">#&gt;</span>         85         86         87         88         89         90         91 </span>
<span class="r-out co"><span class="r-pr">#&gt;</span> versicolor versicolor versicolor versicolor versicolor versicolor versicolor </span>
<span class="r-out co"><span class="r-pr">#&gt;</span>         92         93         94         95         96         97         98 </span>
<span class="r-out co"><span class="r-pr">#&gt;</span> versicolor versicolor versicolor versicolor versicolor versicolor versicolor </span>
<span class="r-out co"><span class="r-pr">#&gt;</span>         99        100        101        102        103        104        105 </span>
<span class="r-out co"><span class="r-pr">#&gt;</span> versicolor versicolor  virginica  virginica  virginica  virginica  virginica </span>
<span class="r-out co"><span class="r-pr">#&gt;</span>        106        107        108        109        110        111        112 </span>
<span class="r-out co"><span class="r-pr">#&gt;</span>  virginica  virginica  virginica  virginica  virginica  virginica  virginica </span>
<span class="r-out co"><span class="r-pr">#&gt;</span>        113        114        115        116        117        118        119 </span>
<span class="r-out co"><span class="r-pr">#&gt;</span>  virginica  virginica  virginica  virginica  virginica  virginica  virginica </span>
<span class="r-out co"><span class="r-pr">#&gt;</span>        120        121        122        123        124        125        126 </span>
<span class="r-out co"><span class="r-pr">#&gt;</span> versicolor  virginica  virginica  virginica  virginica  virginica  virginica </span>
<span class="r-out co"><span class="r-pr">#&gt;</span>        127        128        129        130        131        132        133 </span>
<span class="r-out co"><span class="r-pr">#&gt;</span>  virginica  virginica  virginica  virginica  virginica  virginica  virginica </span>
<span class="r-out co"><span class="r-pr">#&gt;</span>        134        135        136        137        138        139        140 </span>
<span class="r-out co"><span class="r-pr">#&gt;</span> versicolor  virginica  virginica  virginica  virginica  virginica  virginica </span>
<span class="r-out co"><span class="r-pr">#&gt;</span>        141        142        143        144        145        146        147 </span>
<span class="r-out co"><span class="r-pr">#&gt;</span>  virginica  virginica  virginica  virginica  virginica  virginica  virginica </span>
<span class="r-out co"><span class="r-pr">#&gt;</span>        148        149        150 </span>
<span class="r-out co"><span class="r-pr">#&gt;</span>  virginica  virginica  virginica </span>
<span class="r-out co"><span class="r-pr">#&gt;</span> Levels: setosa versicolor virginica</span>
<span class="r-in"><span><span class="fu"><a href="https://rdrr.io/r/stats/predict.html" class="external-link">predict</a></span><span class="op">(</span><span class="va">mod</span>, newx <span class="op">=</span> <span class="va">X</span>, type <span class="op">=</span> <span class="st">"prob"</span><span class="op">)</span></span></span>
<span class="r-out co"><span class="r-pr">#&gt;</span>          setosa  versicolor   virginica</span>
<span class="r-out co"><span class="r-pr">#&gt;</span> 1   0.980441165 0.010874923 0.008683912</span>
<span class="r-out co"><span class="r-pr">#&gt;</span> 2   0.973151806 0.017477432 0.009370761</span>
<span class="r-out co"><span class="r-pr">#&gt;</span> 3   0.979145046 0.011488740 0.009366213</span>
<span class="r-out co"><span class="r-pr">#&gt;</span> 4   0.975158460 0.014782092 0.010059448</span>
<span class="r-out co"><span class="r-pr">#&gt;</span> 5   0.979648735 0.011210874 0.009140391</span>
<span class="r-out co"><span class="r-pr">#&gt;</span> 6   0.974341878 0.016216623 0.009441499</span>
<span class="r-out co"><span class="r-pr">#&gt;</span> 7   0.975863495 0.013038117 0.011098389</span>
<span class="r-out co"><span class="r-pr">#&gt;</span> 8   0.980298811 0.011003303 0.008697886</span>
<span class="r-out co"><span class="r-pr">#&gt;</span> 9   0.966501882 0.021837855 0.011660263</span>
<span class="r-out co"><span class="r-pr">#&gt;</span> 10  0.976915106 0.013585291 0.009499603</span>
<span class="r-out co"><span class="r-pr">#&gt;</span> 11  0.976711787 0.013827049 0.009461164</span>
<span class="r-out co"><span class="r-pr">#&gt;</span> 12  0.978832766 0.011671772 0.009495462</span>
<span class="r-out co"><span class="r-pr">#&gt;</span> 13  0.975488492 0.015010726 0.009500782</span>
<span class="r-out co"><span class="r-pr">#&gt;</span> 14  0.969415203 0.016499324 0.014085473</span>
<span class="r-out co"><span class="r-pr">#&gt;</span> 15  0.967171024 0.018826929 0.014002046</span>
<span class="r-out co"><span class="r-pr">#&gt;</span> 16  0.959222157 0.022767313 0.018010530</span>
<span class="r-out co"><span class="r-pr">#&gt;</span> 17  0.976026289 0.014447250 0.009526462</span>
<span class="r-out co"><span class="r-pr">#&gt;</span> 18  0.980108900 0.011449759 0.008441340</span>
<span class="r-out co"><span class="r-pr">#&gt;</span> 19  0.967196079 0.021232817 0.011571104</span>
<span class="r-out co"><span class="r-pr">#&gt;</span> 20  0.977293857 0.013278652 0.009427491</span>
<span class="r-out co"><span class="r-pr">#&gt;</span> 21  0.971476806 0.017412849 0.011110345</span>
<span class="r-out co"><span class="r-pr">#&gt;</span> 22  0.977782050 0.013366787 0.008851163</span>
<span class="r-out co"><span class="r-pr">#&gt;</span> 23  0.968511630 0.016676091 0.014812279</span>
<span class="r-out co"><span class="r-pr">#&gt;</span> 24  0.967035425 0.022114825 0.010849751</span>
<span class="r-out co"><span class="r-pr">#&gt;</span> 25  0.975647417 0.013991309 0.010361275</span>
<span class="r-out co"><span class="r-pr">#&gt;</span> 26  0.967563561 0.022098300 0.010338139</span>
<span class="r-out co"><span class="r-pr">#&gt;</span> 27  0.976962384 0.014067760 0.008969856</span>
<span class="r-out co"><span class="r-pr">#&gt;</span> 28  0.979273614 0.011862145 0.008864241</span>
<span class="r-out co"><span class="r-pr">#&gt;</span> 29  0.979154316 0.011781508 0.009064176</span>
<span class="r-out co"><span class="r-pr">#&gt;</span> 30  0.976947254 0.013349065 0.009703681</span>
<span class="r-out co"><span class="r-pr">#&gt;</span> 31  0.975156502 0.015441284 0.009402214</span>
<span class="r-out co"><span class="r-pr">#&gt;</span> 32  0.969826920 0.019258644 0.010914437</span>
<span class="r-out co"><span class="r-pr">#&gt;</span> 33  0.966905436 0.018921977 0.014172587</span>
<span class="r-out co"><span class="r-pr">#&gt;</span> 34  0.968509258 0.018118122 0.013372621</span>
<span class="r-out co"><span class="r-pr">#&gt;</span> 35  0.975966576 0.014853649 0.009179775</span>
<span class="r-out co"><span class="r-pr">#&gt;</span> 36  0.979697775 0.011368597 0.008933628</span>
<span class="r-out co"><span class="r-pr">#&gt;</span> 37  0.973419330 0.015412689 0.011167981</span>
<span class="r-out co"><span class="r-pr">#&gt;</span> 38  0.977797091 0.011685740 0.010517169</span>
<span class="r-out co"><span class="r-pr">#&gt;</span> 39  0.970919900 0.017325042 0.011755058</span>
<span class="r-out co"><span class="r-pr">#&gt;</span> 40  0.979776122 0.011451645 0.008772233</span>
<span class="r-out co"><span class="r-pr">#&gt;</span> 41  0.980543594 0.010877996 0.008578410</span>
<span class="r-out co"><span class="r-pr">#&gt;</span> 42  0.864033509 0.116591995 0.019374496</span>
<span class="r-out co"><span class="r-pr">#&gt;</span> 43  0.972470501 0.014582695 0.012946805</span>
<span class="r-out co"><span class="r-pr">#&gt;</span> 44  0.970813483 0.018655853 0.010530664</span>
<span class="r-out co"><span class="r-pr">#&gt;</span> 45  0.973326939 0.016694782 0.009978279</span>
<span class="r-out co"><span class="r-pr">#&gt;</span> 46  0.971203618 0.019414768 0.009381615</span>
<span class="r-out co"><span class="r-pr">#&gt;</span> 47  0.976611855 0.013469300 0.009918845</span>
<span class="r-out co"><span class="r-pr">#&gt;</span> 48  0.977244703 0.012587678 0.010167619</span>
<span class="r-out co"><span class="r-pr">#&gt;</span> 49  0.978007226 0.012881652 0.009111122</span>
<span class="r-out co"><span class="r-pr">#&gt;</span> 50  0.980203563 0.011083169 0.008713268</span>
<span class="r-out co"><span class="r-pr">#&gt;</span> 51  0.016996736 0.950756838 0.032246426</span>
<span class="r-out co"><span class="r-pr">#&gt;</span> 52  0.009949288 0.970870516 0.019180196</span>
<span class="r-out co"><span class="r-pr">#&gt;</span> 53  0.013160001 0.880998082 0.105841917</span>
<span class="r-out co"><span class="r-pr">#&gt;</span> 54  0.005306173 0.964991601 0.029702226</span>
<span class="r-out co"><span class="r-pr">#&gt;</span> 55  0.009181203 0.922751349 0.068067448</span>
<span class="r-out co"><span class="r-pr">#&gt;</span> 56  0.006618466 0.976364476 0.017017058</span>
<span class="r-out co"><span class="r-pr">#&gt;</span> 57  0.011056456 0.926142509 0.062801035</span>
<span class="r-out co"><span class="r-pr">#&gt;</span> 58  0.025699462 0.957523256 0.016777282</span>
<span class="r-out co"><span class="r-pr">#&gt;</span> 59  0.011026562 0.979079406 0.009894032</span>
<span class="r-out co"><span class="r-pr">#&gt;</span> 60  0.008295792 0.961859471 0.029844737</span>
<span class="r-out co"><span class="r-pr">#&gt;</span> 61  0.024555190 0.943970010 0.031474800</span>
<span class="r-out co"><span class="r-pr">#&gt;</span> 62  0.008217494 0.976358470 0.015424036</span>
<span class="r-out co"><span class="r-pr">#&gt;</span> 63  0.013624035 0.979130231 0.007245734</span>
<span class="r-out co"><span class="r-pr">#&gt;</span> 64  0.006923224 0.959162795 0.033913981</span>
<span class="r-out co"><span class="r-pr">#&gt;</span> 65  0.015226781 0.980657634 0.004115585</span>
<span class="r-out co"><span class="r-pr">#&gt;</span> 66  0.011772143 0.978969831 0.009258026</span>
<span class="r-out co"><span class="r-pr">#&gt;</span> 67  0.009460082 0.945215419 0.045324499</span>
<span class="r-out co"><span class="r-pr">#&gt;</span> 68  0.010356940 0.987313643 0.002329417</span>
<span class="r-out co"><span class="r-pr">#&gt;</span> 69  0.016387636 0.846037001 0.137575363</span>
<span class="r-out co"><span class="r-pr">#&gt;</span> 70  0.006493419 0.988828431 0.004678150</span>
<span class="r-out co"><span class="r-pr">#&gt;</span> 71  0.013031992 0.600000909 0.386967099</span>
<span class="r-out co"><span class="r-pr">#&gt;</span> 72  0.007820067 0.988962170 0.003217763</span>
<span class="r-out co"><span class="r-pr">#&gt;</span> 73  0.011180176 0.698094454 0.290725370</span>
<span class="r-out co"><span class="r-pr">#&gt;</span> 74  0.007957178 0.982796501 0.009246322</span>
<span class="r-out co"><span class="r-pr">#&gt;</span> 75  0.009287833 0.986485804 0.004226362</span>
<span class="r-out co"><span class="r-pr">#&gt;</span> 76  0.010265618 0.980105659 0.009628723</span>
<span class="r-out co"><span class="r-pr">#&gt;</span> 77  0.015033088 0.931620725 0.053346187</span>
<span class="r-out co"><span class="r-pr">#&gt;</span> 78  0.011095724 0.453486983 0.535417293</span>
<span class="r-out co"><span class="r-pr">#&gt;</span> 79  0.006476320 0.945671614 0.047852066</span>
<span class="r-out co"><span class="r-pr">#&gt;</span> 80  0.013157289 0.983864939 0.002977772</span>
<span class="r-out co"><span class="r-pr">#&gt;</span> 81  0.006473064 0.986827640 0.006699296</span>
<span class="r-out co"><span class="r-pr">#&gt;</span> 82  0.008478007 0.986785833 0.004736160</span>
<span class="r-out co"><span class="r-pr">#&gt;</span> 83  0.007399343 0.989654058 0.002946600</span>
<span class="r-out co"><span class="r-pr">#&gt;</span> 84  0.007792298 0.324561880 0.667645822</span>
<span class="r-out co"><span class="r-pr">#&gt;</span> 85  0.012067640 0.932906823 0.055025537</span>
<span class="r-out co"><span class="r-pr">#&gt;</span> 86  0.018419950 0.950876468 0.030703582</span>
<span class="r-out co"><span class="r-pr">#&gt;</span> 87  0.010579099 0.940711432 0.048709469</span>
<span class="r-out co"><span class="r-pr">#&gt;</span> 88  0.014604614 0.955376501 0.030018885</span>
<span class="r-out co"><span class="r-pr">#&gt;</span> 89  0.014155239 0.980545320 0.005299442</span>
<span class="r-out co"><span class="r-pr">#&gt;</span> 90  0.004834898 0.976299648 0.018865454</span>
<span class="r-out co"><span class="r-pr">#&gt;</span> 91  0.005693187 0.976590226 0.017716586</span>
<span class="r-out co"><span class="r-pr">#&gt;</span> 92  0.007658403 0.974654951 0.017686646</span>
<span class="r-out co"><span class="r-pr">#&gt;</span> 93  0.006152690 0.989283479 0.004563831</span>
<span class="r-out co"><span class="r-pr">#&gt;</span> 94  0.019808205 0.964882567 0.015309228</span>
<span class="r-out co"><span class="r-pr">#&gt;</span> 95  0.005852817 0.980983439 0.013163744</span>
<span class="r-out co"><span class="r-pr">#&gt;</span> 96  0.014600773 0.981611033 0.003788194</span>
<span class="r-out co"><span class="r-pr">#&gt;</span> 97  0.008880087 0.985148036 0.005971877</span>
<span class="r-out co"><span class="r-pr">#&gt;</span> 98  0.008132629 0.987487046 0.004380325</span>
<span class="r-out co"><span class="r-pr">#&gt;</span> 99  0.024292575 0.964909201 0.010798224</span>
<span class="r-out co"><span class="r-pr">#&gt;</span> 100 0.007196174 0.986388465 0.006415361</span>
<span class="r-out co"><span class="r-pr">#&gt;</span> 101 0.011771927 0.003307925 0.984920147</span>
<span class="r-out co"><span class="r-pr">#&gt;</span> 102 0.006149447 0.027216393 0.966634161</span>
<span class="r-out co"><span class="r-pr">#&gt;</span> 103 0.006863234 0.004960971 0.988175795</span>
<span class="r-out co"><span class="r-pr">#&gt;</span> 104 0.007301242 0.024762044 0.967936714</span>
<span class="r-out co"><span class="r-pr">#&gt;</span> 105 0.006724651 0.001624431 0.991650919</span>
<span class="r-out co"><span class="r-pr">#&gt;</span> 106 0.009794852 0.007542221 0.982662926</span>
<span class="r-out co"><span class="r-pr">#&gt;</span> 107 0.010624939 0.404687897 0.584687164</span>
<span class="r-out co"><span class="r-pr">#&gt;</span> 108 0.009433715 0.016703228 0.973863056</span>
<span class="r-out co"><span class="r-pr">#&gt;</span> 109 0.009572148 0.028079710 0.962348141</span>
<span class="r-out co"><span class="r-pr">#&gt;</span> 110 0.012440433 0.011807940 0.975751628</span>
<span class="r-out co"><span class="r-pr">#&gt;</span> 111 0.010084990 0.075560360 0.914354650</span>
<span class="r-out co"><span class="r-pr">#&gt;</span> 112 0.006762364 0.019947130 0.973290505</span>
<span class="r-out co"><span class="r-pr">#&gt;</span> 113 0.006842193 0.006901806 0.986256000</span>
<span class="r-out co"><span class="r-pr">#&gt;</span> 114 0.006046723 0.018905463 0.975047815</span>
<span class="r-out co"><span class="r-pr">#&gt;</span> 115 0.008805645 0.001984373 0.989209982</span>
<span class="r-out co"><span class="r-pr">#&gt;</span> 116 0.008786956 0.007063620 0.984149424</span>
<span class="r-out co"><span class="r-pr">#&gt;</span> 117 0.008251622 0.050267311 0.941481067</span>
<span class="r-out co"><span class="r-pr">#&gt;</span> 118 0.019001923 0.020026077 0.960972001</span>
<span class="r-out co"><span class="r-pr">#&gt;</span> 119 0.020487563 0.020043957 0.959468479</span>
<span class="r-out co"><span class="r-pr">#&gt;</span> 120 0.014071037 0.617229801 0.368699162</span>
<span class="r-out co"><span class="r-pr">#&gt;</span> 121 0.007191180 0.003910645 0.988898175</span>
<span class="r-out co"><span class="r-pr">#&gt;</span> 122 0.007365346 0.031116800 0.961517854</span>
<span class="r-out co"><span class="r-pr">#&gt;</span> 123 0.014628727 0.016429006 0.968942267</span>
<span class="r-out co"><span class="r-pr">#&gt;</span> 124 0.008070590 0.141218104 0.850711306</span>
<span class="r-out co"><span class="r-pr">#&gt;</span> 125 0.007716374 0.012690820 0.979592806</span>
<span class="r-out co"><span class="r-pr">#&gt;</span> 126 0.008318503 0.029151855 0.962529642</span>
<span class="r-out co"><span class="r-pr">#&gt;</span> 127 0.008221153 0.207199313 0.784579534</span>
<span class="r-out co"><span class="r-pr">#&gt;</span> 128 0.009454572 0.277416678 0.713128749</span>
<span class="r-out co"><span class="r-pr">#&gt;</span> 129 0.006407789 0.002297659 0.991294552</span>
<span class="r-out co"><span class="r-pr">#&gt;</span> 130 0.014353393 0.140138903 0.845507704</span>
<span class="r-out co"><span class="r-pr">#&gt;</span> 131 0.011018447 0.019931904 0.969049649</span>
<span class="r-out co"><span class="r-pr">#&gt;</span> 132 0.020817543 0.028042345 0.951140112</span>
<span class="r-out co"><span class="r-pr">#&gt;</span> 133 0.006673799 0.001499550 0.991826651</span>
<span class="r-out co"><span class="r-pr">#&gt;</span> 134 0.009210302 0.667354925 0.323434772</span>
<span class="r-out co"><span class="r-pr">#&gt;</span> 135 0.010788965 0.364119897 0.625091139</span>
<span class="r-out co"><span class="r-pr">#&gt;</span> 136 0.011111278 0.010668915 0.978219807</span>
<span class="r-out co"><span class="r-pr">#&gt;</span> 137 0.012190825 0.011222808 0.976586367</span>
<span class="r-out co"><span class="r-pr">#&gt;</span> 138 0.009624568 0.072889429 0.917486003</span>
<span class="r-out co"><span class="r-pr">#&gt;</span> 139 0.009728808 0.350062068 0.640209124</span>
<span class="r-out co"><span class="r-pr">#&gt;</span> 140 0.007243979 0.013336958 0.979419062</span>
<span class="r-out co"><span class="r-pr">#&gt;</span> 141 0.007721602 0.002135927 0.990142471</span>
<span class="r-out co"><span class="r-pr">#&gt;</span> 142 0.008628885 0.010451808 0.980919307</span>
<span class="r-out co"><span class="r-pr">#&gt;</span> 143 0.006149447 0.027216393 0.966634161</span>
<span class="r-out co"><span class="r-pr">#&gt;</span> 144 0.007124045 0.002625356 0.990250599</span>
<span class="r-out co"><span class="r-pr">#&gt;</span> 145 0.009412897 0.003776180 0.986810923</span>
<span class="r-out co"><span class="r-pr">#&gt;</span> 146 0.007876785 0.004545857 0.987577358</span>
<span class="r-out co"><span class="r-pr">#&gt;</span> 147 0.008020364 0.051629619 0.940350016</span>
<span class="r-out co"><span class="r-pr">#&gt;</span> 148 0.007459990 0.023970409 0.968569602</span>
<span class="r-out co"><span class="r-pr">#&gt;</span> 149 0.012858510 0.025137918 0.962003572</span>
<span class="r-out co"><span class="r-pr">#&gt;</span> 150 0.009609463 0.169274792 0.821115745</span>
<span class="r-in"><span></span></span>
<span class="r-in"><span></span></span>
<span class="r-in"><span><span class="va">X</span> <span class="op">&lt;-</span> <span class="fu"><a href="https://rdrr.io/r/base/matrix.html" class="external-link">as.matrix</a></span><span class="op">(</span><span class="va">iris</span><span class="op">[</span>, <span class="fl">1</span><span class="op">:</span><span class="fl">4</span><span class="op">]</span><span class="op">)</span></span></span>
<span class="r-in"><span><span class="va">y</span> <span class="op">&lt;-</span> <span class="va">iris</span><span class="op">$</span><span class="va">Species</span></span></span>
<span class="r-in"><span><span class="va">mod</span> <span class="op">&lt;-</span> <span class="fu">wrap_svm</span><span class="op">(</span><span class="va">X</span>, <span class="va">y</span>, kernel <span class="op">=</span> <span class="st">"radial"</span><span class="op">)</span></span></span>
<span class="r-in"><span><span class="fu"><a href="https://rdrr.io/r/stats/predict.html" class="external-link">predict</a></span><span class="op">(</span><span class="va">mod</span>, newx <span class="op">=</span> <span class="va">X</span>, type <span class="op">=</span> <span class="st">"class"</span><span class="op">)</span></span></span>
<span class="r-out co"><span class="r-pr">#&gt;</span>          1          2          3          4          5          6          7 </span>
<span class="r-out co"><span class="r-pr">#&gt;</span>     setosa     setosa     setosa     setosa     setosa     setosa     setosa </span>
<span class="r-out co"><span class="r-pr">#&gt;</span>          8          9         10         11         12         13         14 </span>
<span class="r-out co"><span class="r-pr">#&gt;</span>     setosa     setosa     setosa     setosa     setosa     setosa     setosa </span>
<span class="r-out co"><span class="r-pr">#&gt;</span>         15         16         17         18         19         20         21 </span>
<span class="r-out co"><span class="r-pr">#&gt;</span>     setosa     setosa     setosa     setosa     setosa     setosa     setosa </span>
<span class="r-out co"><span class="r-pr">#&gt;</span>         22         23         24         25         26         27         28 </span>
<span class="r-out co"><span class="r-pr">#&gt;</span>     setosa     setosa     setosa     setosa     setosa     setosa     setosa </span>
<span class="r-out co"><span class="r-pr">#&gt;</span>         29         30         31         32         33         34         35 </span>
<span class="r-out co"><span class="r-pr">#&gt;</span>     setosa     setosa     setosa     setosa     setosa     setosa     setosa </span>
<span class="r-out co"><span class="r-pr">#&gt;</span>         36         37         38         39         40         41         42 </span>
<span class="r-out co"><span class="r-pr">#&gt;</span>     setosa     setosa     setosa     setosa     setosa     setosa     setosa </span>
<span class="r-out co"><span class="r-pr">#&gt;</span>         43         44         45         46         47         48         49 </span>
<span class="r-out co"><span class="r-pr">#&gt;</span>     setosa     setosa     setosa     setosa     setosa     setosa     setosa </span>
<span class="r-out co"><span class="r-pr">#&gt;</span>         50         51         52         53         54         55         56 </span>
<span class="r-out co"><span class="r-pr">#&gt;</span>     setosa versicolor versicolor versicolor versicolor versicolor versicolor </span>
<span class="r-out co"><span class="r-pr">#&gt;</span>         57         58         59         60         61         62         63 </span>
<span class="r-out co"><span class="r-pr">#&gt;</span> versicolor versicolor versicolor versicolor versicolor versicolor versicolor </span>
<span class="r-out co"><span class="r-pr">#&gt;</span>         64         65         66         67         68         69         70 </span>
<span class="r-out co"><span class="r-pr">#&gt;</span> versicolor versicolor versicolor versicolor versicolor versicolor versicolor </span>
<span class="r-out co"><span class="r-pr">#&gt;</span>         71         72         73         74         75         76         77 </span>
<span class="r-out co"><span class="r-pr">#&gt;</span> versicolor versicolor versicolor versicolor versicolor versicolor versicolor </span>
<span class="r-out co"><span class="r-pr">#&gt;</span>         78         79         80         81         82         83         84 </span>
<span class="r-out co"><span class="r-pr">#&gt;</span>  virginica versicolor versicolor versicolor versicolor versicolor  virginica </span>
<span class="r-out co"><span class="r-pr">#&gt;</span>         85         86         87         88         89         90         91 </span>
<span class="r-out co"><span class="r-pr">#&gt;</span> versicolor versicolor versicolor versicolor versicolor versicolor versicolor </span>
<span class="r-out co"><span class="r-pr">#&gt;</span>         92         93         94         95         96         97         98 </span>
<span class="r-out co"><span class="r-pr">#&gt;</span> versicolor versicolor versicolor versicolor versicolor versicolor versicolor </span>
<span class="r-out co"><span class="r-pr">#&gt;</span>         99        100        101        102        103        104        105 </span>
<span class="r-out co"><span class="r-pr">#&gt;</span> versicolor versicolor  virginica  virginica  virginica  virginica  virginica </span>
<span class="r-out co"><span class="r-pr">#&gt;</span>        106        107        108        109        110        111        112 </span>
<span class="r-out co"><span class="r-pr">#&gt;</span>  virginica  virginica  virginica  virginica  virginica  virginica  virginica </span>
<span class="r-out co"><span class="r-pr">#&gt;</span>        113        114        115        116        117        118        119 </span>
<span class="r-out co"><span class="r-pr">#&gt;</span>  virginica  virginica  virginica  virginica  virginica  virginica  virginica </span>
<span class="r-out co"><span class="r-pr">#&gt;</span>        120        121        122        123        124        125        126 </span>
<span class="r-out co"><span class="r-pr">#&gt;</span> versicolor  virginica  virginica  virginica  virginica  virginica  virginica </span>
<span class="r-out co"><span class="r-pr">#&gt;</span>        127        128        129        130        131        132        133 </span>
<span class="r-out co"><span class="r-pr">#&gt;</span>  virginica  virginica  virginica  virginica  virginica  virginica  virginica </span>
<span class="r-out co"><span class="r-pr">#&gt;</span>        134        135        136        137        138        139        140 </span>
<span class="r-out co"><span class="r-pr">#&gt;</span> versicolor  virginica  virginica  virginica  virginica  virginica  virginica </span>
<span class="r-out co"><span class="r-pr">#&gt;</span>        141        142        143        144        145        146        147 </span>
<span class="r-out co"><span class="r-pr">#&gt;</span>  virginica  virginica  virginica  virginica  virginica  virginica  virginica </span>
<span class="r-out co"><span class="r-pr">#&gt;</span>        148        149        150 </span>
<span class="r-out co"><span class="r-pr">#&gt;</span>  virginica  virginica  virginica </span>
<span class="r-out co"><span class="r-pr">#&gt;</span> Levels: setosa versicolor virginica</span>
<span class="r-in"><span><span class="fu"><a href="https://rdrr.io/r/stats/predict.html" class="external-link">predict</a></span><span class="op">(</span><span class="va">mod</span>, newx <span class="op">=</span> <span class="va">X</span>, type <span class="op">=</span> <span class="st">"prob"</span><span class="op">)</span></span></span>
<span class="r-out co"><span class="r-pr">#&gt;</span>          setosa  versicolor   virginica</span>
<span class="r-out co"><span class="r-pr">#&gt;</span> 1   0.980486029 0.011236459 0.008277513</span>
<span class="r-out co"><span class="r-pr">#&gt;</span> 2   0.973089341 0.018059728 0.008850930</span>
<span class="r-out co"><span class="r-pr">#&gt;</span> 3   0.979195227 0.011856640 0.008948132</span>
<span class="r-out co"><span class="r-pr">#&gt;</span> 4   0.975140619 0.015248327 0.009611054</span>
<span class="r-out co"><span class="r-pr">#&gt;</span> 5   0.979645384 0.011546112 0.008808504</span>
<span class="r-out co"><span class="r-pr">#&gt;</span> 6   0.974140190 0.016675499 0.009184311</span>
<span class="r-out co"><span class="r-pr">#&gt;</span> 7   0.975914938 0.013408700 0.010676362</span>
<span class="r-out co"><span class="r-pr">#&gt;</span> 8   0.980372937 0.011378974 0.008248089</span>
<span class="r-out co"><span class="r-pr">#&gt;</span> 9   0.966244887 0.022436460 0.011318653</span>
<span class="r-out co"><span class="r-pr">#&gt;</span> 10  0.976972526 0.014040940 0.008986534</span>
<span class="r-out co"><span class="r-pr">#&gt;</span> 11  0.976653897 0.014254597 0.009091506</span>
