<!DOCTYPE html>
<!-- Generated by pkgdown: do not edit by hand --><html lang="en"><head><meta http-equiv="Content-Type" content="text/html; charset=UTF-8"><meta charset="utf-8"><meta http-equiv="X-UA-Compatible" content="IE=edge"><meta name="viewport" content="width=device-width, initial-scale=1.0"><title>S3 wrapper for e1071 SVM — wrap_svm • mlS3</title><!-- jquery --><script src="https://cdnjs.cloudflare.com/ajax/libs/jquery/3.7.1/jquery.min.js" integrity="sha512-v2CJ7UaYy4JwqLDIrZUI/4hqeoQieOmAZNXBeQyjo21dadnwR+8ZaIJVT8EE2iyI61OV8e6M8PP2/4hpQINQ/g==" crossorigin="anonymous" referrerpolicy="no-referrer"></script><!-- Bootstrap --><link rel="stylesheet" href="https://cdnjs.cloudflare.com/ajax/libs/twitter-bootstrap/3.4.1/css/bootstrap.min.css" integrity="sha256-bZLfwXAP04zRMK2BjiO8iu9pf4FbLqX6zitd+tIvLhE=" crossorigin="anonymous"><script src="https://cdnjs.cloudflare.com/ajax/libs/twitter-bootstrap/3.4.1/js/bootstrap.min.js" integrity="sha256-nuL8/2cJ5NDSSwnKD8VqreErSWHtnEP9E7AySL+1ev4=" crossorigin="anonymous"></script><!-- bootstrap-toc --><link rel="stylesheet" href="../bootstrap-toc.css"><script src="../bootstrap-toc.js"></script><!-- Font Awesome icons --><link rel="stylesheet" href="https://cdnjs.cloudflare.com/ajax/libs/font-awesome/5.12.1/css/all.min.css" integrity="sha256-mmgLkCYLUQbXn0B1SRqzHar6dCnv9oZFPEC1g1cwlkk=" crossorigin="anonymous"><link rel="stylesheet" href="https://cdnjs.cloudflare.com/ajax/libs/font-awesome/5.12.1/css/v4-shims.min.css" integrity="sha256-wZjR52fzng1pJHwx4aV2AO3yyTOXrcDW7jBpJtTwVxw=" crossorigin="anonymous"><!-- clipboard.js --><script src="https://cdnjs.cloudflare.com/ajax/libs/clipboard.js/2.0.6/clipboard.min.js" integrity="sha256-inc5kl9MA1hkeYUt+EC3BhlIgyp/2jDIyBLS6k3UxPI=" crossorigin="anonymous"></script><!-- headroom.js --><script src="https://cdnjs.cloudflare.com/ajax/libs/headroom/0.11.0/headroom.min.js" integrity="sha256-AsUX4SJE1+yuDu5+mAVzJbuYNPHj/WroHuZ8Ir/CkE0=" crossorigin="anonymous"></script><script src="https://cdnjs.cloudflare.com/ajax/libs/headroom/0.11.0/jQuery.headroom.min.js" integrity="sha256-ZX/yNShbjqsohH1k95liqY9Gd8uOiE1S4vZc+9KQ1K4=" crossorigin="anonymous"></script><!-- pkgdown --><link href="../pkgdown.css" rel="stylesheet"><script src="../pkgdown.js"></script><meta property="og:title" content="S3 wrapper for e1071 SVM — wrap_svm"><meta property="og:description" content="Fits an `e1071` support vector machine with a consistent
interface. Supports classification and regression."><!-- mathjax --><script src="https://cdnjs.cloudflare.com/ajax/libs/mathjax/2.7.5/MathJax.js" integrity="sha256-nvJJv9wWKEm88qvoQl9ekL2J+k/RWIsaSScxxlsrv8k=" crossorigin="anonymous"></script><script src="https://cdnjs.cloudflare.com/ajax/libs/mathjax/2.7.5/config/TeX-AMS-MML_HTMLorMML.js" integrity="sha256-84DKXVJXs0/F8OTMzX4UR909+jtl4G7SPypPavF+GfA=" crossorigin="anonymous"></script><!--[if lt IE 9]>
<script src="https://oss.maxcdn.com/html5shiv/3.7.3/html5shiv.min.js"></script>
<script src="https://oss.maxcdn.com/respond/1.4.2/respond.min.js"></script>
<![endif]--></head><body data-spy="scroll" data-target="#toc">


    <div class="container template-reference-topic">
      <header><div class="navbar navbar-default navbar-fixed-top" role="navigation">
  <div class="container">
    <div class="navbar-header">
      <button type="button" class="navbar-toggle collapsed" data-toggle="collapse" data-target="#navbar" aria-expanded="false">
        <span class="sr-only">Toggle navigation</span>
        <span class="icon-bar"></span>
        <span class="icon-bar"></span>
        <span class="icon-bar"></span>
      </button>
      <span class="navbar-brand">
        <a class="navbar-link" href="../index.html">mlS3</a>
        <span class="version label label-default" data-toggle="tooltip" data-placement="bottom" title="">0.1.0</span>
      </span>
    </div>

    <div id="navbar" class="navbar-collapse collapse">
      <ul class="nav navbar-nav"><li>
  <a href="../reference/index.html">Reference</a>
</li>
<li class="dropdown">
  <a href="#" class="dropdown-toggle" data-toggle="dropdown" role="button" data-bs-toggle="dropdown" aria-expanded="false">
    Articles

    <span class="caret"></span>
  </a>
  <ul class="dropdown-menu" role="menu"><li>
      <a href="../articles/mlS3-vignette.html">Introduction to R package `mlS3`</a>
    </li>
    <li>
      <a href="../articles/mlS3-wrap_caret-vignette.html">Introduction to R package `mlS3` -- with caret</a>
    </li>
  </ul></li>
<li>
  <a href="../news/index.html">Changelog</a>
</li>
      </ul><ul class="nav navbar-nav navbar-right"></ul></div><!--/.nav-collapse -->
  </div><!--/.container -->
</div><!--/.navbar -->



      </header><div class="row">
  <div class="col-md-9 contents">
    <div class="page-header">
    <h1>S3 wrapper for e1071 SVM</h1>

    <div class="hidden name"><code>wrap_svm.Rd</code></div>
    </div>

    <div class="ref-description">
    <p>Fits an `e1071` support vector machine with a consistent
interface. Supports classification and regression.</p>
    </div>

    <div id="ref-usage">
    <div class="sourceCode"><pre class="sourceCode r"><code><span><span class="fu">wrap_svm</span><span class="op">(</span><span class="va">x</span>, <span class="va">y</span>, <span class="va">...</span><span class="op">)</span></span>
<span></span>
<span><span class="co"># S3 method for class 'wrap_svm'</span></span>
<span><span class="fu"><a href="https://rdrr.io/r/stats/predict.html" class="external-link">predict</a></span><span class="op">(</span><span class="va">object</span>, <span class="va">newx</span>, type <span class="op">=</span> <span class="fu"><a href="https://rdrr.io/r/base/c.html" class="external-link">c</a></span><span class="op">(</span><span class="st">"class"</span>, <span class="st">"prob"</span><span class="op">)</span>, <span class="va">...</span><span class="op">)</span></span>
<span></span>
<span><span class="co"># S3 method for class 'wrap_svm'</span></span>
<span><span class="fu"><a href="https://rdrr.io/r/base/print.html" class="external-link">print</a></span><span class="op">(</span><span class="va">x</span>, <span class="va">...</span><span class="op">)</span></span></code></pre></div>
    </div>

    <div id="arguments">
    <h2>Arguments</h2>


<dl><dt id="arg-x">x<a class="anchor" aria-label="anchor" href="#arg-x"></a></dt>
<dd><p>A matrix or data.frame of features.</p></dd>


<dt id="arg-y">y<a class="anchor" aria-label="anchor" href="#arg-y"></a></dt>
<dd><p>A factor or character vector for classification, numeric for regression.</p></dd>


<dt id="arg--">...<a class="anchor" aria-label="anchor" href="#arg--"></a></dt>
<dd><p>Additional arguments passed to [e1071::svm()].
`probability = TRUE` is set automatically for classification; do not
override this if you need `type = "prob"` predictions.</p></dd>


<dt id="arg-object">object<a class="anchor" aria-label="anchor" href="#arg-object"></a></dt>
<dd><p>A fitted `wrap_svm` object.</p></dd>


<dt id="arg-newx">newx<a class="anchor" aria-label="anchor" href="#arg-newx"></a></dt>
<dd><p>A matrix or data.frame of new observations.</p></dd>


<dt id="arg-type">type<a class="anchor" aria-label="anchor" href="#arg-type"></a></dt>
<dd><p>`"class"` (default) for class labels, `"prob"` for a probability
matrix. Ignored for regression.</p></dd>

</dl></div>
    <div id="value">
    <h2>Value</h2>
    <p>An object of class `wrap_svm` with fields:</p>
<dl><dt>fit</dt>
<dd><p>The fitted svm model.</p></dd>

  <dt>levels</dt>
<dd><p>Class levels (NULL for regression).</p></dd>

  <dt>task</dt>
<dd><p>"classification" or "regression".</p></dd>

</dl></div>

    <div id="ref-examples">
    <h2>Examples</h2>
    <div class="sourceCode"><pre class="sourceCode r"><code><span class="r-in"><span></span></span>
<span class="r-in"><span><span class="va">X</span> <span class="op">&lt;-</span> <span class="fu"><a href="https://rdrr.io/r/base/matrix.html" class="external-link">as.matrix</a></span><span class="op">(</span><span class="va">iris</span><span class="op">[</span>, <span class="fl">1</span><span class="op">:</span><span class="fl">4</span><span class="op">]</span><span class="op">)</span></span></span>
<span class="r-in"><span><span class="va">y</span> <span class="op">&lt;-</span> <span class="va">iris</span><span class="op">$</span><span class="va">Species</span></span></span>
<span class="r-in"><span><span class="va">mod</span> <span class="op">&lt;-</span> <span class="fu">wrap_svm</span><span class="op">(</span><span class="va">X</span>, <span class="va">y</span>, kernel <span class="op">=</span> <span class="st">"radial"</span><span class="op">)</span></span></span>
<span class="r-in"><span><span class="fu"><a href="https://rdrr.io/r/stats/predict.html" class="external-link">predict</a></span><span class="op">(</span><span class="va">mod</span>, newx <span class="op">=</span> <span class="va">X</span>, type <span class="op">=</span> <span class="st">"class"</span><span class="op">)</span></span></span>
<span class="r-out co"><span class="r-pr">#&gt;</span>          1          2          3          4          5          6          7 </span>
<span class="r-out co"><span class="r-pr">#&gt;</span>     setosa     setosa     setosa     setosa     setosa     setosa     setosa </span>
<span class="r-out co"><span class="r-pr">#&gt;</span>          8          9         10         11         12         13         14 </span>
<span class="r-out co"><span class="r-pr">#&gt;</span>     setosa     setosa     setosa     setosa     setosa     setosa     setosa </span>
<span class="r-out co"><span class="r-pr">#&gt;</span>         15         16         17         18         19         20         21 </span>
<span class="r-out co"><span class="r-pr">#&gt;</span>     setosa     setosa     setosa     setosa     setosa     setosa     setosa </span>
<span class="r-out co"><span class="r-pr">#&gt;</span>         22         23         24         25         26         27         28 </span>
<span class="r-out co"><span class="r-pr">#&gt;</span>     setosa     setosa     setosa     setosa     setosa     setosa     setosa </span>
<span class="r-out co"><span class="r-pr">#&gt;</span>         29         30         31         32         33         34         35 </span>
<span class="r-out co"><span class="r-pr">#&gt;</span>     setosa     setosa     setosa     setosa     setosa     setosa     setosa </span>
<span class="r-out co"><span class="r-pr">#&gt;</span>         36         37         38         39         40         41         42 </span>
<span class="r-out co"><span class="r-pr">#&gt;</span>     setosa     setosa     setosa     setosa     setosa     setosa     setosa </span>
<span class="r-out co"><span class="r-pr">#&gt;</span>         43         44         45         46         47         48         49 </span>
<span class="r-out co"><span class="r-pr">#&gt;</span>     setosa     setosa     setosa     setosa     setosa     setosa     setosa </span>
<span class="r-out co"><span class="r-pr">#&gt;</span>         50         51         52         53         54         55         56 </span>
<span class="r-out co"><span class="r-pr">#&gt;</span>     setosa versicolor versicolor versicolor versicolor versicolor versicolor </span>
<span class="r-out co"><span class="r-pr">#&gt;</span>         57         58         59         60         61         62         63 </span>
<span class="r-out co"><span class="r-pr">#&gt;</span> versicolor versicolor versicolor versicolor versicolor versicolor versicolor </span>
<span class="r-out co"><span class="r-pr">#&gt;</span>         64         65         66         67         68         69         70 </span>
<span class="r-out co"><span class="r-pr">#&gt;</span> versicolor versicolor versicolor versicolor versicolor versicolor versicolor </span>
<span class="r-out co"><span class="r-pr">#&gt;</span>         71         72         73         74         75         76         77 </span>
<span class="r-out co"><span class="r-pr">#&gt;</span> versicolor versicolor versicolor versicolor versicolor versicolor versicolor </span>
<span class="r-out co"><span class="r-pr">#&gt;</span>         78         79         80         81         82         83         84 </span>
<span class="r-out co"><span class="r-pr">#&gt;</span>  virginica versicolor versicolor versicolor versicolor versicolor  virginica </span>
<span class="r-out co"><span class="r-pr">#&gt;</span>         85         86         87         88         89         90         91 </span>
<span class="r-out co"><span class="r-pr">#&gt;</span> versicolor versicolor versicolor versicolor versicolor versicolor versicolor </span>
<span class="r-out co"><span class="r-pr">#&gt;</span>         92         93         94         95         96         97         98 </span>
<span class="r-out co"><span class="r-pr">#&gt;</span> versicolor versicolor versicolor versicolor versicolor versicolor versicolor </span>
<span class="r-out co"><span class="r-pr">#&gt;</span>         99        100        101        102        103        104        105 </span>
<span class="r-out co"><span class="r-pr">#&gt;</span> versicolor versicolor  virginica  virginica  virginica  virginica  virginica </span>
<span class="r-out co"><span class="r-pr">#&gt;</span>        106        107        108        109        110        111        112 </span>
<span class="r-out co"><span class="r-pr">#&gt;</span>  virginica  virginica  virginica  virginica  virginica  virginica  virginica </span>
<span class="r-out co"><span class="r-pr">#&gt;</span>        113        114        115        116        117        118        119 </span>
<span class="r-out co"><span class="r-pr">#&gt;</span>  virginica  virginica  virginica  virginica  virginica  virginica  virginica </span>
<span class="r-out co"><span class="r-pr">#&gt;</span>        120        121        122        123        124        125        126 </span>
<span class="r-out co"><span class="r-pr">#&gt;</span> versicolor  virginica  virginica  virginica  virginica  virginica  virginica </span>
<span class="r-out co"><span class="r-pr">#&gt;</span>        127        128        129        130        131        132        133 </span>
<span class="r-out co"><span class="r-pr">#&gt;</span>  virginica  virginica  virginica  virginica  virginica  virginica  virginica </span>
<span class="r-out co"><span class="r-pr">#&gt;</span>        134        135        136        137        138        139        140 </span>
<span class="r-out co"><span class="r-pr">#&gt;</span> versicolor  virginica  virginica  virginica  virginica  virginica  virginica </span>
<span class="r-out co"><span class="r-pr">#&gt;</span>        141        142        143        144        145        146        147 </span>
<span class="r-out co"><span class="r-pr">#&gt;</span>  virginica  virginica  virginica  virginica  virginica  virginica  virginica </span>
<span class="r-out co"><span class="r-pr">#&gt;</span>        148        149        150 </span>
<span class="r-out co"><span class="r-pr">#&gt;</span>  virginica  virginica  virginica </span>
<span class="r-out co"><span class="r-pr">#&gt;</span> Levels: setosa versicolor virginica</span>
<span class="r-in"><span><span class="fu"><a href="https://rdrr.io/r/stats/predict.html" class="external-link">predict</a></span><span class="op">(</span><span class="va">mod</span>, newx <span class="op">=</span> <span class="va">X</span>, type <span class="op">=</span> <span class="st">"prob"</span><span class="op">)</span></span></span>
<span class="r-out co"><span class="r-pr">#&gt;</span>          setosa  versicolor   virginica</span>
<span class="r-out co"><span class="r-pr">#&gt;</span> 1   0.979980380 0.011614805 0.008404815</span>
<span class="r-out co"><span class="r-pr">#&gt;</span> 2   0.972391168 0.018500879 0.009107953</span>
<span class="r-out co"><span class="r-pr">#&gt;</span> 3   0.978688011 0.012260390 0.009051599</span>
<span class="r-out co"><span class="r-pr">#&gt;</span> 4   0.974570542 0.015703434 0.009726024</span>
<span class="r-out co"><span class="r-pr">#&gt;</span> 5   0.979211727 0.011987551 0.008800722</span>
<span class="r-out co"><span class="r-pr">#&gt;</span> 6   0.973684011 0.017240705 0.009075284</span>
<span class="r-out co"><span class="r-pr">#&gt;</span> 7   0.975426609 0.013894802 0.010678588</span>
<span class="r-out co"><span class="r-pr">#&gt;</span> 8   0.979821033 0.011743067 0.008435900</span>
<span class="r-out co"><span class="r-pr">#&gt;</span> 9   0.965717198 0.023074781 0.011208021</span>
<span class="r-out co"><span class="r-pr">#&gt;</span> 10  0.976337165 0.014441867 0.009220968</span>
<span class="r-out co"><span class="r-pr">#&gt;</span> 11  0.976152113 0.014718194 0.009129693</span>
<span class="r-out co"><span class="r-pr">#&gt;</span> 12  0.978368570 0.012449160 0.009182270</span>
<span class="r-out co"><span class="r-pr">#&gt;</span> 13  0.974856456 0.015937663 0.009205881</span>
<span class="r-out co"><span class="r-pr">#&gt;</span> 14  0.968987539 0.017573093 0.013439368</span>
<span class="r-out co"><span class="r-pr">#&gt;</span> 15  0.966610001 0.020077950 0.013312049</span>
<span class="r-out co"><span class="r-pr">#&gt;</span> 16  0.959098322 0.023914733 0.016986946</span>
<span class="r-out co"><span class="r-pr">#&gt;</span> 17  0.975454203 0.015420766 0.009125031</span>
<span class="r-out co"><span class="r-pr">#&gt;</span> 18  0.979599954 0.012214047 0.008185999</span>
<span class="r-out co"><span class="r-pr">#&gt;</span> 19  0.966411051 0.022415717 0.011173232</span>
<span class="r-out co"><span class="r-pr">#&gt;</span> 20  0.976773840 0.014184638 0.009041522</span>
<span class="r-out co"><span class="r-pr">#&gt;</span> 21  0.970766128 0.018417141 0.010816731</span>
<span class="r-out co"><span class="r-pr">#&gt;</span> 22  0.977217450 0.014239488 0.008543062</span>
<span class="r-out co"><span class="r-pr">#&gt;</span> 23  0.970191399 0.015730991 0.014077610</span>
<span class="r-out co"><span class="r-pr">#&gt;</span> 24  0.966121960 0.023300781 0.010577259</span>
<span class="r-out co"><span class="r-pr">#&gt;</span> 25  0.975095689 0.014866476 0.010037835</span>
<span class="r-out co"><span class="r-pr">#&gt;</span> 26  0.966645564 0.023290265 0.010064170</span>
<span class="r-out co"><span class="r-pr">#&gt;</span> 27  0.976327719 0.014943752 0.008728529</span>
<span class="r-out co"><span class="r-pr">#&gt;</span> 28  0.978759154 0.012643452 0.008597395</span>
<span class="r-out co"><span class="r-pr">#&gt;</span> 29  0.978642404 0.012553507 0.008804089</span>
<span class="r-out co"><span class="r-pr">#&gt;</span> 30  0.976400264 0.014199546 0.009400190</span>
<span class="r-out co"><span class="r-pr">#&gt;</span> 31  0.974486492 0.016379628 0.009133879</span>
<span class="r-out co"><span class="r-pr">#&gt;</span> 32  0.969027931 0.020336914 0.010635155</span>
<span class="r-out co"><span class="r-pr">#&gt;</span> 33  0.966750923 0.019859431 0.013389646</span>
<span class="r-out co"><span class="r-pr">#&gt;</span> 34  0.968310492 0.019051399 0.012638109</span>
<span class="r-out co"><span class="r-pr">#&gt;</span> 35  0.975309055 0.015765348 0.008925597</span>
<span class="r-out co"><span class="r-pr">#&gt;</span> 36  0.979205795 0.012122893 0.008671312</span>
<span class="r-out co"><span class="r-pr">#&gt;</span> 37  0.972827492 0.016341997 0.010830511</span>
<span class="r-out co"><span class="r-pr">#&gt;</span> 38  0.977413376 0.012506010 0.010080613</span>
<span class="r-out co"><span class="r-pr">#&gt;</span> 39  0.970324044 0.018386130 0.011289826</span>
<span class="r-out co"><span class="r-pr">#&gt;</span> 40  0.979271137 0.012209863 0.008519000</span>
<span class="r-out co"><span class="r-pr">#&gt;</span> 41  0.980081187 0.011620769 0.008298044</span>
<span class="r-out co"><span class="r-pr">#&gt;</span> 42  0.862690181 0.118982171 0.018327648</span>
<span class="r-out co"><span class="r-pr">#&gt;</span> 43  0.972066116 0.015529010 0.012404874</span>
<span class="r-out co"><span class="r-pr">#&gt;</span> 44  0.970044753 0.019718713 0.010236534</span>
<span class="r-out co"><span class="r-pr">#&gt;</span> 45  0.972666471 0.017719155 0.009614374</span>
<span class="r-out co"><span class="r-pr">#&gt;</span> 46  0.970366971 0.020516488 0.009116541</span>
<span class="r-out co"><span class="r-pr">#&gt;</span> 47  0.976107170 0.014391734 0.009501095</span>
<span class="r-out co"><span class="r-pr">#&gt;</span> 48  0.976775023 0.013414862 0.009810115</span>
<span class="r-out co"><span class="r-pr">#&gt;</span> 49  0.977480970 0.013735143 0.008783886</span>
<span class="r-out co"><span class="r-pr">#&gt;</span> 50  0.979715761 0.011823792 0.008460447</span>
<span class="r-out co"><span class="r-pr">#&gt;</span> 51  0.018318604 0.951944296 0.029737101</span>
<span class="r-out co"><span class="r-pr">#&gt;</span> 52  0.010814179 0.971238129 0.017947692</span>
<span class="r-out co"><span class="r-pr">#&gt;</span> 53  0.014235046 0.891790350 0.093974603</span>
<span class="r-out co"><span class="r-pr">#&gt;</span> 54  0.005786181 0.966940763 0.027273057</span>
<span class="r-out co"><span class="r-pr">#&gt;</span> 55  0.009981970 0.928987453 0.061030577</span>
<span class="r-out co"><span class="r-pr">#&gt;</span> 56  0.007241281 0.976824024 0.015934695</span>
<span class="r-out co"><span class="r-pr">#&gt;</span> 57  0.011955157 0.931564878 0.056479964</span>
<span class="r-out co"><span class="r-pr">#&gt;</span> 58  0.027493163 0.956082009 0.016424828</span>
<span class="r-out co"><span class="r-pr">#&gt;</span> 59  0.011962197 0.978510679 0.009527124</span>
<span class="r-out co"><span class="r-pr">#&gt;</span> 60  0.009012376 0.963524870 0.027462753</span>
<span class="r-out co"><span class="r-pr">#&gt;</span> 61  0.026140270 0.944362832 0.029496897</span>
<span class="r-out co"><span class="r-pr">#&gt;</span> 62  0.008960680 0.976508737 0.014530583</span>
<span class="r-out co"><span class="r-pr">#&gt;</span> 63  0.014756004 0.978037671 0.007206325</span>
<span class="r-out co"><span class="r-pr">#&gt;</span> 64  0.007555928 0.961425447 0.031018625</span>
<span class="r-out co"><span class="r-pr">#&gt;</span> 65  0.016519963 0.979110217 0.004369820</span>
<span class="r-out co"><span class="r-pr">#&gt;</span> 66  0.012760406 0.978269518 0.008970076</span>
<span class="r-out co"><span class="r-pr">#&gt;</span> 67  0.010259358 0.948601270 0.041139372</span>
<span class="r-out co"><span class="r-pr">#&gt;</span> 68  0.011301983 0.986193590 0.002504427</span>
<span class="r-out co"><span class="r-pr">#&gt;</span> 69  0.017596811 0.860802783 0.121600406</span>
<span class="r-out co"><span class="r-pr">#&gt;</span> 70  0.007125768 0.988219893 0.004654339</span>
<span class="r-out co"><span class="r-pr">#&gt;</span> 71  0.013631797 0.642517908 0.343850295</span>
<span class="r-out co"><span class="r-pr">#&gt;</span> 72  0.008551572 0.988178232 0.003270196</span>
<span class="r-out co"><span class="r-pr">#&gt;</span> 73  0.012353356 0.731317504 0.256329140</span>
<span class="r-out co"><span class="r-pr">#&gt;</span> 74  0.008682679 0.982436110 0.008881211</span>
<span class="r-out co"><span class="r-pr">#&gt;</span> 75  0.010119364 0.985636977 0.004243658</span>
<span class="r-out co"><span class="r-pr">#&gt;</span> 76  0.011151986 0.979573192 0.009274822</span>
<span class="r-out co"><span class="r-pr">#&gt;</span> 77  0.016271956 0.935476057 0.048251986</span>
<span class="r-out co"><span class="r-pr">#&gt;</span> 78  0.011905305 0.503904480 0.484190215</span>
<span class="r-out co"><span class="r-pr">#&gt;</span> 79  0.007052957 0.949641723 0.043305320</span>
<span class="r-out co"><span class="r-pr">#&gt;</span> 80  0.014345286 0.982401060 0.003253655</span>
<span class="r-out co"><span class="r-pr">#&gt;</span> 81  0.007097995 0.986349971 0.006552034</span>
<span class="r-out co"><span class="r-pr">#&gt;</span> 82  0.009280268 0.985924683 0.004795048</span>
<span class="r-out co"><span class="r-pr">#&gt;</span> 83  0.008107154 0.988872557 0.003020289</span>
<span class="r-out co"><span class="r-pr">#&gt;</span> 84  0.008331631 0.374992725 0.616675645</span>
<span class="r-out co"><span class="r-pr">#&gt;</span> 85  0.013041126 0.937252819 0.049706055</span>
<span class="r-out co"><span class="r-pr">#&gt;</span> 86  0.019812074 0.951701857 0.028486068</span>
<span class="r-out co"><span class="r-pr">#&gt;</span> 87  0.011487159 0.944397029 0.044115812</span>
<span class="r-out co"><span class="r-pr">#&gt;</span> 88  0.015781826 0.956525946 0.027692228</span>
<span class="r-out co"><span class="r-pr">#&gt;</span> 89  0.015344577 0.979228642 0.005426780</span>
<span class="r-out co"><span class="r-pr">#&gt;</span> 90  0.005303506 0.977116751 0.017579742</span>
<span class="r-out co"><span class="r-pr">#&gt;</span> 91  0.006239145 0.977205153 0.016555702</span>
<span class="r-out co"><span class="r-pr">#&gt;</span> 92  0.008360265 0.975084548 0.016555187</span>
<span class="r-out co"><span class="r-pr">#&gt;</span> 93  0.006752410 0.988728546 0.004519044</span>
<span class="r-out co"><span class="r-pr">#&gt;</span> 94  0.021261647 0.963825514 0.014912839</span>
<span class="r-out co"><span class="r-pr">#&gt;</span> 95  0.006418065 0.981145148 0.012436787</span>
<span class="r-out co"><span class="r-pr">#&gt;</span> 96  0.015835852 0.980150485 0.004013663</span>
<span class="r-out co"><span class="r-pr">#&gt;</span> 97  0.009684800 0.984418166 0.005897033</span>
<span class="r-out co"><span class="r-pr">#&gt;</span> 98  0.008881439 0.986746759 0.004371801</span>
<span class="r-out co"><span class="r-pr">#&gt;</span> 99  0.026176864 0.962848535 0.010974601</span>
<span class="r-out co"><span class="r-pr">#&gt;</span> 100 0.007872696 0.985856782 0.006270521</span>
<span class="r-out co"><span class="r-pr">#&gt;</span> 101 0.012564527 0.004458707 0.982976766</span>
<span class="r-out co"><span class="r-pr">#&gt;</span> 102 0.006659291 0.036804678 0.956536031</span>
<span class="r-out co"><span class="r-pr">#&gt;</span> 103 0.007355960 0.007016778 0.985627262</span>
<span class="r-out co"><span class="r-pr">#&gt;</span> 104 0.007836384 0.033590669 0.958572947</span>
<span class="r-out co"><span class="r-pr">#&gt;</span> 105 0.007184046 0.002298249 0.990517706</span>
<span class="r-out co"><span class="r-pr">#&gt;</span> 106 0.010542468 0.010305291 0.979152241</span>
<span class="r-out co"><span class="r-pr">#&gt;</span> 107 0.011137133 0.456084652 0.532778215</span>
<span class="r-out co"><span class="r-pr">#&gt;</span> 108 0.010077267 0.022801986 0.967120747</span>
<span class="r-out co"><span class="r-pr">#&gt;</span> 109 0.011367477 0.037172141 0.951460383</span>
<span class="r-out co"><span class="r-pr">#&gt;</span> 110 0.013342940 0.016031439 0.970625621</span>
<span class="r-out co"><span class="r-pr">#&gt;</span> 111 0.010252540 0.097919622 0.891827838</span>
<span class="r-out co"><span class="r-pr">#&gt;</span> 112 0.007242639 0.027283738 0.965473623</span>
<span class="r-out co"><span class="r-pr">#&gt;</span> 113 0.007304733 0.009774552 0.982920715</span>
<span class="r-out co"><span class="r-pr">#&gt;</span> 114 0.006482876 0.025931480 0.967585644</span>
<span class="r-out co"><span class="r-pr">#&gt;</span> 115 0.009391357 0.002766218 0.987842425</span>
<span class="r-out co"><span class="r-pr">#&gt;</span> 116 0.009363363 0.009971088 0.980665549</span>
<span class="r-out co"><span class="r-pr">#&gt;</span> 117 0.009097188 0.066086962 0.924815849</span>
<span class="r-out co"><span class="r-pr">#&gt;</span> 118 0.021021239 0.026406911 0.952571850</span>
<span class="r-out co"><span class="r-pr">#&gt;</span> 119 0.022622967 0.026305317 0.951071715</span>
<span class="r-out co"><span class="r-pr">#&gt;</span> 120 0.015209189 0.657834679 0.326956133</span>
<span class="r-out co"><span class="r-pr">#&gt;</span> 121 0.007698807 0.005537345 0.986763847</span>
<span class="r-out co"><span class="r-pr">#&gt;</span> 122 0.007959583 0.041821415 0.950219003</span>
<span class="r-out co"><span class="r-pr">#&gt;</span> 123 0.016187041 0.021964512 0.961848447</span>
<span class="r-out co"><span class="r-pr">#&gt;</span> 124 0.008721704 0.175318919 0.815959378</span>
<span class="r-out co"><span class="r-pr">#&gt;</span> 125 0.008222188 0.017628576 0.974149235</span>
<span class="r-out co"><span class="r-pr">#&gt;</span> 126 0.008977854 0.039158944 0.951863202</span>
<span class="r-out co"><span class="r-pr">#&gt;</span> 127 0.008796262 0.249743319 0.741460419</span>
<span class="r-out co"><span class="r-pr">#&gt;</span> 128 0.009994937 0.325602886 0.664402178</span>
<span class="r-out co"><span class="r-pr">#&gt;</span> 129 0.006845761 0.003300807 0.989853432</span>
<span class="r-out co"><span class="r-pr">#&gt;</span> 130 0.016375106 0.173516780 0.810108114</span>
<span class="r-out co"><span class="r-pr">#&gt;</span> 131 0.012197980 0.026998506 0.960803514</span>
<span class="r-out co"><span class="r-pr">#&gt;</span> 132 0.023222429 0.036843973 0.939933598</span>
<span class="r-out co"><span class="r-pr">#&gt;</span> 133 0.007130579 0.002111755 0.990757666</span>
<span class="r-out co"><span class="r-pr">#&gt;</span> 134 0.009833822 0.704336098 0.285830080</span>
<span class="r-out co"><span class="r-pr">#&gt;</span> 135 0.011676744 0.415168905 0.573154351</span>
<span class="r-out co"><span class="r-pr">#&gt;</span> 136 0.011933744 0.014502102 0.973564154</span>
<span class="r-out co"><span class="r-pr">#&gt;</span> 137 0.012981516 0.015538600 0.971479885</span>
<span class="r-out co"><span class="r-pr">#&gt;</span> 138 0.009661283 0.094681475 0.895657242</span>
<span class="r-out co"><span class="r-pr">#&gt;</span> 139 0.010231223 0.401110856 0.588657921</span>
<span class="r-out co"><span class="r-pr">#&gt;</span> 140 0.007725167 0.018493732 0.973781101</span>
<span class="r-out co"><span class="r-pr">#&gt;</span> 141 0.008255178 0.002968125 0.988776697</span>
<span class="r-out co"><span class="r-pr">#&gt;</span> 142 0.009201563 0.014578771 0.976219666</span>
<span class="r-out co"><span class="r-pr">#&gt;</span> 143 0.006659291 0.036804678 0.956536031</span>
<span class="r-out co"><span class="r-pr">#&gt;</span> 144 0.007624393 0.003695351 0.988680256</span>
<span class="r-out co"><span class="r-pr">#&gt;</span> 145 0.010068929 0.005227319 0.984703752</span>
<span class="r-out co"><span class="r-pr">#&gt;</span> 146 0.008412743 0.006454904 0.985132353</span>
<span class="r-out co"><span class="r-pr">#&gt;</span> 147 0.008905518 0.067774097 0.923320385</span>
<span class="r-out co"><span class="r-pr">#&gt;</span> 148 0.007996814 0.032552907 0.959450279</span>
<span class="r-out co"><span class="r-pr">#&gt;</span> 149 0.013651104 0.033955240 0.952393656</span>
<span class="r-out co"><span class="r-pr">#&gt;</span> 150 0.010194303 0.207351951 0.782453746</span>
<span class="r-in"><span></span></span>
<span class="r-in"><span></span></span>
<span class="r-in"><span><span class="va">X</span> <span class="op">&lt;-</span> <span class="fu"><a href="https://rdrr.io/r/base/matrix.html" class="external-link">as.matrix</a></span><span class="op">(</span><span class="va">iris</span><span class="op">[</span>, <span class="fl">1</span><span class="op">:</span><span class="fl">4</span><span class="op">]</span><span class="op">)</span></span></span>
<span class="r-in"><span><span class="va">y</span> <span class="op">&lt;-</span> <span class="va">iris</span><span class="op">$</span><span class="va">Species</span></span></span>
<span class="r-in"><span><span class="va">mod</span> <span class="op">&lt;-</span> <span class="fu">wrap_svm</span><span class="op">(</span><span class="va">X</span>, <span class="va">y</span>, kernel <span class="op">=</span> <span class="st">"radial"</span><span class="op">)</span></span></span>
<span class="r-in"><span><span class="fu"><a href="https://rdrr.io/r/stats/predict.html" class="external-link">predict</a></span><span class="op">(</span><span class="va">mod</span>, newx <span class="op">=</span> <span class="va">X</span>, type <span class="op">=</span> <span class="st">"class"</span><span class="op">)</span></span></span>
<span class="r-out co"><span class="r-pr">#&gt;</span>          1          2          3          4          5          6          7 </span>
<span class="r-out co"><span class="r-pr">#&gt;</span>     setosa     setosa     setosa     setosa     setosa     setosa     setosa </span>
<span class="r-out co"><span class="r-pr">#&gt;</span>          8          9         10         11         12         13         14 </span>
<span class="r-out co"><span class="r-pr">#&gt;</span>     setosa     setosa     setosa     setosa     setosa     setosa     setosa </span>
<span class="r-out co"><span class="r-pr">#&gt;</span>         15         16         17         18         19         20         21 </span>
<span class="r-out co"><span class="r-pr">#&gt;</span>     setosa     setosa     setosa     setosa     setosa     setosa     setosa </span>
<span class="r-out co"><span class="r-pr">#&gt;</span>         22         23         24         25         26         27         28 </span>
<span class="r-out co"><span class="r-pr">#&gt;</span>     setosa     setosa     setosa     setosa     setosa     setosa     setosa </span>
<span class="r-out co"><span class="r-pr">#&gt;</span>         29         30         31         32         33         34         35 </span>
<span class="r-out co"><span class="r-pr">#&gt;</span>     setosa     setosa     setosa     setosa     setosa     setosa     setosa </span>
<span class="r-out co"><span class="r-pr">#&gt;</span>         36         37         38         39         40         41         42 </span>
<span class="r-out co"><span class="r-pr">#&gt;</span>     setosa     setosa     setosa     setosa     setosa     setosa     setosa </span>
<span class="r-out co"><span class="r-pr">#&gt;</span>         43         44         45         46         47         48         49 </span>
<span class="r-out co"><span class="r-pr">#&gt;</span>     setosa     setosa     setosa     setosa     setosa     setosa     setosa </span>
<span class="r-out co"><span class="r-pr">#&gt;</span>         50         51         52         53         54         55         56 </span>
<span class="r-out co"><span class="r-pr">#&gt;</span>     setosa versicolor versicolor versicolor versicolor versicolor versicolor </span>
<span class="r-out co"><span class="r-pr">#&gt;</span>         57         58         59         60         61         62         63 </span>
<span class="r-out co"><span class="r-pr">#&gt;</span> versicolor versicolor versicolor versicolor versicolor versicolor versicolor </span>
<span class="r-out co"><span class="r-pr">#&gt;</span>         64         65         66         67         68         69         70 </span>
<span class="r-out co"><span class="r-pr">#&gt;</span> versicolor versicolor versicolor versicolor versicolor versicolor versicolor </span>
<span class="r-out co"><span class="r-pr">#&gt;</span>         71         72         73         74         75         76         77 </span>
<span class="r-out co"><span class="r-pr">#&gt;</span> versicolor versicolor versicolor versicolor versicolor versicolor versicolor </span>
<span class="r-out co"><span class="r-pr">#&gt;</span>         78         79         80         81         82         83         84 </span>
<span class="r-out co"><span class="r-pr">#&gt;</span>  virginica versicolor versicolor versicolor versicolor versicolor  virginica </span>
<span class="r-out co"><span class="r-pr">#&gt;</span>         85         86         87         88         89         90         91 </span>
<span class="r-out co"><span class="r-pr">#&gt;</span> versicolor versicolor versicolor versicolor versicolor versicolor versicolor </span>
<span class="r-out co"><span class="r-pr">#&gt;</span>         92         93         94         95         96         97         98 </span>
<span class="r-out co"><span class="r-pr">#&gt;</span> versicolor versicolor versicolor versicolor versicolor versicolor versicolor </span>
<span class="r-out co"><span class="r-pr">#&gt;</span>         99        100        101        102        103        104        105 </span>
<span class="r-out co"><span class="r-pr">#&gt;</span> versicolor versicolor  virginica  virginica  virginica  virginica  virginica </span>
<span class="r-out co"><span class="r-pr">#&gt;</span>        106        107        108        109        110        111        112 </span>
<span class="r-out co"><span class="r-pr">#&gt;</span>  virginica  virginica  virginica  virginica  virginica  virginica  virginica </span>
<span class="r-out co"><span class="r-pr">#&gt;</span>        113        114        115        116        117        118        119 </span>
<span class="r-out co"><span class="r-pr">#&gt;</span>  virginica  virginica  virginica  virginica  virginica  virginica  virginica </span>
<span class="r-out co"><span class="r-pr">#&gt;</span>        120        121        122        123        124        125        126 </span>
<span class="r-out co"><span class="r-pr">#&gt;</span> versicolor  virginica  virginica  virginica  virginica  virginica  virginica </span>
<span class="r-out co"><span class="r-pr">#&gt;</span>        127        128        129        130        131        132        133 </span>
<span class="r-out co"><span class="r-pr">#&gt;</span>  virginica  virginica  virginica  virginica  virginica  virginica  virginica </span>
<span class="r-out co"><span class="r-pr">#&gt;</span>        134        135        136        137        138        139        140 </span>
<span class="r-out co"><span class="r-pr">#&gt;</span> versicolor  virginica  virginica  virginica  virginica  virginica  virginica </span>
<span class="r-out co"><span class="r-pr">#&gt;</span>        141        142        143        144        145        146        147 </span>
<span class="r-out co"><span class="r-pr">#&gt;</span>  virginica  virginica  virginica  virginica  virginica  virginica  virginica </span>
<span class="r-out co"><span class="r-pr">#&gt;</span>        148        149        150 </span>
<span class="r-out co"><span class="r-pr">#&gt;</span>  virginica  virginica  virginica </span>
<span class="r-out co"><span class="r-pr">#&gt;</span> Levels: setosa versicolor virginica</span>
<span class="r-in"><span><span class="fu"><a href="https://rdrr.io/r/stats/predict.html" class="external-link">predict</a></span><span class="op">(</span><span class="va">mod</span>, newx <span class="op">=</span> <span class="va">X</span>, type <span class="op">=</span> <span class="st">"prob"</span><span class="op">)</span></span></span>
<span class="r-out co"><span class="r-pr">#&gt;</span>          setosa  versicolor   virginica</span>
<span class="r-out co"><span class="r-pr">#&gt;</span> 1   0.980215928 0.011332053 0.008452019</span>
<span class="r-out co"><span class="r-pr">#&gt;</span> 2   0.972789042 0.018088424 0.009122534</span>
<span class="r-out co"><span class="r-pr">#&gt;</span> 3   0.978921232 0.011963170 0.009115598</span>
<span class="r-out co"><span class="r-pr">#&gt;</span> 4   0.974873935 0.015339580 0.009786485</span>
<span class="r-out co"><span class="r-pr">#&gt;</span> 5   0.979415989 0.011685150 0.008898861</span>
<span class="r-out co"><span class="r-pr">#&gt;</span> 6   0.973987337 0.016825176 0.009187487</span>
<span class="r-out co"><span class="r-pr">#&gt;</span> 7   0.975640600 0.013556348 0.010803052</span>
<span class="r-out co"><span class="r-pr">#&gt;</span> 8   0.980071585 0.011460510 0.008467905</span>
<span class="r-out co"><span class="r-pr">#&gt;</span> 9   0.966107149 0.022557145 0.011335706</span>
<span class="r-out co"><span class="r-pr">#&gt;</span> 10  0.976643730 0.014107166 0.009249105</span>
<span class="r-out co"><span class="r-pr">#&gt;</span> 11  0.976427742 0.014367487 0.009204771</span>
