<!DOCTYPE html>
<!-- Generated by pkgdown: do not edit by hand --><html lang="en"><head><meta http-equiv="Content-Type" content="text/html; charset=UTF-8"><meta charset="utf-8"><meta http-equiv="X-UA-Compatible" content="IE=edge"><meta name="viewport" content="width=device-width, initial-scale=1.0"><title>S3 wrapper for e1071 SVM — wrap_svm • mlS3</title><!-- jquery --><script src="https://cdnjs.cloudflare.com/ajax/libs/jquery/3.7.1/jquery.min.js" integrity="sha512-v2CJ7UaYy4JwqLDIrZUI/4hqeoQieOmAZNXBeQyjo21dadnwR+8ZaIJVT8EE2iyI61OV8e6M8PP2/4hpQINQ/g==" crossorigin="anonymous" referrerpolicy="no-referrer"></script><!-- Bootstrap --><link rel="stylesheet" href="https://cdnjs.cloudflare.com/ajax/libs/twitter-bootstrap/3.4.1/css/bootstrap.min.css" integrity="sha256-bZLfwXAP04zRMK2BjiO8iu9pf4FbLqX6zitd+tIvLhE=" crossorigin="anonymous"><script src="https://cdnjs.cloudflare.com/ajax/libs/twitter-bootstrap/3.4.1/js/bootstrap.min.js" integrity="sha256-nuL8/2cJ5NDSSwnKD8VqreErSWHtnEP9E7AySL+1ev4=" crossorigin="anonymous"></script><!-- bootstrap-toc --><link rel="stylesheet" href="../bootstrap-toc.css"><script src="../bootstrap-toc.js"></script><!-- Font Awesome icons --><link rel="stylesheet" href="https://cdnjs.cloudflare.com/ajax/libs/font-awesome/5.12.1/css/all.min.css" integrity="sha256-mmgLkCYLUQbXn0B1SRqzHar6dCnv9oZFPEC1g1cwlkk=" crossorigin="anonymous"><link rel="stylesheet" href="https://cdnjs.cloudflare.com/ajax/libs/font-awesome/5.12.1/css/v4-shims.min.css" integrity="sha256-wZjR52fzng1pJHwx4aV2AO3yyTOXrcDW7jBpJtTwVxw=" crossorigin="anonymous"><!-- clipboard.js --><script src="https://cdnjs.cloudflare.com/ajax/libs/clipboard.js/2.0.6/clipboard.min.js" integrity="sha256-inc5kl9MA1hkeYUt+EC3BhlIgyp/2jDIyBLS6k3UxPI=" crossorigin="anonymous"></script><!-- headroom.js --><script src="https://cdnjs.cloudflare.com/ajax/libs/headroom/0.11.0/headroom.min.js" integrity="sha256-AsUX4SJE1+yuDu5+mAVzJbuYNPHj/WroHuZ8Ir/CkE0=" crossorigin="anonymous"></script><script src="https://cdnjs.cloudflare.com/ajax/libs/headroom/0.11.0/jQuery.headroom.min.js" integrity="sha256-ZX/yNShbjqsohH1k95liqY9Gd8uOiE1S4vZc+9KQ1K4=" crossorigin="anonymous"></script><!-- pkgdown --><link href="../pkgdown.css" rel="stylesheet"><script src="../pkgdown.js"></script><meta property="og:title" content="S3 wrapper for e1071 SVM — wrap_svm"><meta property="og:description" content="Fits an `e1071` support vector machine with a consistent
interface. Supports classification and regression."><!-- mathjax --><script src="https://cdnjs.cloudflare.com/ajax/libs/mathjax/2.7.5/MathJax.js" integrity="sha256-nvJJv9wWKEm88qvoQl9ekL2J+k/RWIsaSScxxlsrv8k=" crossorigin="anonymous"></script><script src="https://cdnjs.cloudflare.com/ajax/libs/mathjax/2.7.5/config/TeX-AMS-MML_HTMLorMML.js" integrity="sha256-84DKXVJXs0/F8OTMzX4UR909+jtl4G7SPypPavF+GfA=" crossorigin="anonymous"></script><!--[if lt IE 9]>
<script src="https://oss.maxcdn.com/html5shiv/3.7.3/html5shiv.min.js"></script>
<script src="https://oss.maxcdn.com/respond/1.4.2/respond.min.js"></script>
<![endif]--></head><body data-spy="scroll" data-target="#toc">


    <div class="container template-reference-topic">
      <header><div class="navbar navbar-default navbar-fixed-top" role="navigation">
  <div class="container">
    <div class="navbar-header">
      <button type="button" class="navbar-toggle collapsed" data-toggle="collapse" data-target="#navbar" aria-expanded="false">
        <span class="sr-only">Toggle navigation</span>
        <span class="icon-bar"></span>
        <span class="icon-bar"></span>
        <span class="icon-bar"></span>
      </button>
      <span class="navbar-brand">
        <a class="navbar-link" href="../index.html">mlS3</a>
        <span class="version label label-default" data-toggle="tooltip" data-placement="bottom" title="">0.1.0</span>
      </span>
    </div>

    <div id="navbar" class="navbar-collapse collapse">
      <ul class="nav navbar-nav"><li>
  <a href="../reference/index.html">Reference</a>
</li>
<li class="dropdown">
  <a href="#" class="dropdown-toggle" data-toggle="dropdown" role="button" data-bs-toggle="dropdown" aria-expanded="false">
    Articles

    <span class="caret"></span>
  </a>
  <ul class="dropdown-menu" role="menu"><li>
      <a href="../articles/mlS3-vignette.html">Introduction to R package `mlS3`</a>
    </li>
    <li>
      <a href="../articles/mlS3-wrap_caret-vignette.html">Introduction to R package `mlS3` -- with caret</a>
    </li>
  </ul></li>
      </ul><ul class="nav navbar-nav navbar-right"></ul></div><!--/.nav-collapse -->
  </div><!--/.container -->
</div><!--/.navbar -->



      </header><div class="row">
  <div class="col-md-9 contents">
    <div class="page-header">
    <h1>S3 wrapper for e1071 SVM</h1>

    <div class="hidden name"><code>wrap_svm.Rd</code></div>
    </div>

    <div class="ref-description">
    <p>Fits an `e1071` support vector machine with a consistent
interface. Supports classification and regression.</p>
    </div>

    <div id="ref-usage">
    <div class="sourceCode"><pre class="sourceCode r"><code><span><span class="fu">wrap_svm</span><span class="op">(</span><span class="va">x</span>, <span class="va">y</span>, <span class="va">...</span><span class="op">)</span></span>
<span></span>
<span><span class="co"># S3 method for class 'wrap_svm'</span></span>
<span><span class="fu"><a href="https://rdrr.io/r/stats/predict.html" class="external-link">predict</a></span><span class="op">(</span><span class="va">object</span>, <span class="va">newx</span>, type <span class="op">=</span> <span class="fu"><a href="https://rdrr.io/r/base/c.html" class="external-link">c</a></span><span class="op">(</span><span class="st">"class"</span>, <span class="st">"prob"</span><span class="op">)</span>, <span class="va">...</span><span class="op">)</span></span>
<span></span>
<span><span class="co"># S3 method for class 'wrap_svm'</span></span>
<span><span class="fu"><a href="https://rdrr.io/r/base/print.html" class="external-link">print</a></span><span class="op">(</span><span class="va">x</span>, <span class="va">...</span><span class="op">)</span></span></code></pre></div>
    </div>

    <div id="arguments">
    <h2>Arguments</h2>


<dl><dt id="arg-x">x<a class="anchor" aria-label="anchor" href="#arg-x"></a></dt>
<dd><p>A matrix or data.frame of features.</p></dd>


<dt id="arg-y">y<a class="anchor" aria-label="anchor" href="#arg-y"></a></dt>
<dd><p>A factor or character vector for classification, numeric for regression.</p></dd>


<dt id="arg--">...<a class="anchor" aria-label="anchor" href="#arg--"></a></dt>
<dd><p>Additional arguments passed to [e1071::svm()].
`probability = TRUE` is set automatically for classification; do not
override this if you need `type = "prob"` predictions.</p></dd>


<dt id="arg-object">object<a class="anchor" aria-label="anchor" href="#arg-object"></a></dt>
<dd><p>A fitted `wrap_svm` object.</p></dd>


<dt id="arg-newx">newx<a class="anchor" aria-label="anchor" href="#arg-newx"></a></dt>
<dd><p>A matrix or data.frame of new observations.</p></dd>


<dt id="arg-type">type<a class="anchor" aria-label="anchor" href="#arg-type"></a></dt>
<dd><p>`"class"` (default) for class labels, `"prob"` for a probability
matrix. Ignored for regression.</p></dd>

</dl></div>
    <div id="value">
    <h2>Value</h2>
    <p>An object of class `wrap_svm` with fields:</p>
<dl><dt>fit</dt>
<dd><p>The fitted svm model.</p></dd>

  <dt>levels</dt>
<dd><p>Class levels (NULL for regression).</p></dd>

  <dt>task</dt>
<dd><p>"classification" or "regression".</p></dd>

</dl></div>

    <div id="ref-examples">
    <h2>Examples</h2>
    <div class="sourceCode"><pre class="sourceCode r"><code><span class="r-in"><span><span class="co"># \donttest{</span></span></span>
<span class="r-in"><span><span class="va">X</span> <span class="op">&lt;-</span> <span class="fu"><a href="https://rdrr.io/r/base/matrix.html" class="external-link">as.matrix</a></span><span class="op">(</span><span class="va">iris</span><span class="op">[</span>, <span class="fl">1</span><span class="op">:</span><span class="fl">4</span><span class="op">]</span><span class="op">)</span></span></span>
<span class="r-in"><span><span class="va">y</span> <span class="op">&lt;-</span> <span class="va">iris</span><span class="op">$</span><span class="va">Species</span></span></span>
<span class="r-in"><span><span class="va">mod</span> <span class="op">&lt;-</span> <span class="fu">wrap_svm</span><span class="op">(</span><span class="va">X</span>, <span class="va">y</span>, kernel <span class="op">=</span> <span class="st">"radial"</span><span class="op">)</span></span></span>
<span class="r-in"><span><span class="fu"><a href="https://rdrr.io/r/stats/predict.html" class="external-link">predict</a></span><span class="op">(</span><span class="va">mod</span>, newx <span class="op">=</span> <span class="va">X</span>, type <span class="op">=</span> <span class="st">"class"</span><span class="op">)</span></span></span>
<span class="r-out co"><span class="r-pr">#&gt;</span>          1          2          3          4          5          6          7 </span>
<span class="r-out co"><span class="r-pr">#&gt;</span>     setosa     setosa     setosa     setosa     setosa     setosa     setosa </span>
<span class="r-out co"><span class="r-pr">#&gt;</span>          8          9         10         11         12         13         14 </span>
<span class="r-out co"><span class="r-pr">#&gt;</span>     setosa     setosa     setosa     setosa     setosa     setosa     setosa </span>
<span class="r-out co"><span class="r-pr">#&gt;</span>         15         16         17         18         19         20         21 </span>
<span class="r-out co"><span class="r-pr">#&gt;</span>     setosa     setosa     setosa     setosa     setosa     setosa     setosa </span>
<span class="r-out co"><span class="r-pr">#&gt;</span>         22         23         24         25         26         27         28 </span>
<span class="r-out co"><span class="r-pr">#&gt;</span>     setosa     setosa     setosa     setosa     setosa     setosa     setosa </span>
<span class="r-out co"><span class="r-pr">#&gt;</span>         29         30         31         32         33         34         35 </span>
<span class="r-out co"><span class="r-pr">#&gt;</span>     setosa     setosa     setosa     setosa     setosa     setosa     setosa </span>
<span class="r-out co"><span class="r-pr">#&gt;</span>         36         37         38         39         40         41         42 </span>
<span class="r-out co"><span class="r-pr">#&gt;</span>     setosa     setosa     setosa     setosa     setosa     setosa     setosa </span>
<span class="r-out co"><span class="r-pr">#&gt;</span>         43         44         45         46         47         48         49 </span>
<span class="r-out co"><span class="r-pr">#&gt;</span>     setosa     setosa     setosa     setosa     setosa     setosa     setosa </span>
<span class="r-out co"><span class="r-pr">#&gt;</span>         50         51         52         53         54         55         56 </span>
<span class="r-out co"><span class="r-pr">#&gt;</span>     setosa versicolor versicolor versicolor versicolor versicolor versicolor </span>
<span class="r-out co"><span class="r-pr">#&gt;</span>         57         58         59         60         61         62         63 </span>
<span class="r-out co"><span class="r-pr">#&gt;</span> versicolor versicolor versicolor versicolor versicolor versicolor versicolor </span>
<span class="r-out co"><span class="r-pr">#&gt;</span>         64         65         66         67         68         69         70 </span>
<span class="r-out co"><span class="r-pr">#&gt;</span> versicolor versicolor versicolor versicolor versicolor versicolor versicolor </span>
<span class="r-out co"><span class="r-pr">#&gt;</span>         71         72         73         74         75         76         77 </span>
<span class="r-out co"><span class="r-pr">#&gt;</span> versicolor versicolor versicolor versicolor versicolor versicolor versicolor </span>
<span class="r-out co"><span class="r-pr">#&gt;</span>         78         79         80         81         82         83         84 </span>
<span class="r-out co"><span class="r-pr">#&gt;</span>  virginica versicolor versicolor versicolor versicolor versicolor  virginica </span>
<span class="r-out co"><span class="r-pr">#&gt;</span>         85         86         87         88         89         90         91 </span>
<span class="r-out co"><span class="r-pr">#&gt;</span> versicolor versicolor versicolor versicolor versicolor versicolor versicolor </span>
<span class="r-out co"><span class="r-pr">#&gt;</span>         92         93         94         95         96         97         98 </span>
<span class="r-out co"><span class="r-pr">#&gt;</span> versicolor versicolor versicolor versicolor versicolor versicolor versicolor </span>
<span class="r-out co"><span class="r-pr">#&gt;</span>         99        100        101        102        103        104        105 </span>
<span class="r-out co"><span class="r-pr">#&gt;</span> versicolor versicolor  virginica  virginica  virginica  virginica  virginica </span>
<span class="r-out co"><span class="r-pr">#&gt;</span>        106        107        108        109        110        111        112 </span>
<span class="r-out co"><span class="r-pr">#&gt;</span>  virginica  virginica  virginica  virginica  virginica  virginica  virginica </span>
<span class="r-out co"><span class="r-pr">#&gt;</span>        113        114        115        116        117        118        119 </span>
<span class="r-out co"><span class="r-pr">#&gt;</span>  virginica  virginica  virginica  virginica  virginica  virginica  virginica </span>
<span class="r-out co"><span class="r-pr">#&gt;</span>        120        121        122        123        124        125        126 </span>
<span class="r-out co"><span class="r-pr">#&gt;</span> versicolor  virginica  virginica  virginica  virginica  virginica  virginica </span>
<span class="r-out co"><span class="r-pr">#&gt;</span>        127        128        129        130        131        132        133 </span>
<span class="r-out co"><span class="r-pr">#&gt;</span>  virginica  virginica  virginica  virginica  virginica  virginica  virginica </span>
<span class="r-out co"><span class="r-pr">#&gt;</span>        134        135        136        137        138        139        140 </span>
<span class="r-out co"><span class="r-pr">#&gt;</span> versicolor  virginica  virginica  virginica  virginica  virginica  virginica </span>
<span class="r-out co"><span class="r-pr">#&gt;</span>        141        142        143        144        145        146        147 </span>
<span class="r-out co"><span class="r-pr">#&gt;</span>  virginica  virginica  virginica  virginica  virginica  virginica  virginica </span>
<span class="r-out co"><span class="r-pr">#&gt;</span>        148        149        150 </span>
<span class="r-out co"><span class="r-pr">#&gt;</span>  virginica  virginica  virginica </span>
<span class="r-out co"><span class="r-pr">#&gt;</span> Levels: setosa versicolor virginica</span>
<span class="r-in"><span><span class="fu"><a href="https://rdrr.io/r/stats/predict.html" class="external-link">predict</a></span><span class="op">(</span><span class="va">mod</span>, newx <span class="op">=</span> <span class="va">X</span>, type <span class="op">=</span> <span class="st">"prob"</span><span class="op">)</span></span></span>
<span class="r-out co"><span class="r-pr">#&gt;</span>          setosa  versicolor   virginica</span>
<span class="r-out co"><span class="r-pr">#&gt;</span> 1   0.979810766 0.011071123 0.009118111</span>
<span class="r-out co"><span class="r-pr">#&gt;</span> 2   0.972492127 0.017737870 0.009770002</span>
<span class="r-out co"><span class="r-pr">#&gt;</span> 3   0.978472469 0.011683562 0.009843969</span>
<span class="r-out co"><span class="r-pr">#&gt;</span> 4   0.974434676 0.015000888 0.010564436</span>
<span class="r-out co"><span class="r-pr">#&gt;</span> 5   0.978965358 0.011378219 0.009656422</span>
<span class="r-out co"><span class="r-pr">#&gt;</span> 6   0.973597994 0.016387093 0.010014913</span>
<span class="r-out co"><span class="r-pr">#&gt;</span> 7   0.975082167 0.013217553 0.011700280</span>
<span class="r-out co"><span class="r-pr">#&gt;</span> 8   0.979686429 0.011211192 0.009102379</span>
<span class="r-out co"><span class="r-pr">#&gt;</span> 9   0.965639577 0.022022558 0.012337864</span>
<span class="r-out co"><span class="r-pr">#&gt;</span> 10  0.976263334 0.013818981 0.009917685</span>
<span class="r-out co"><span class="r-pr">#&gt;</span> 11  0.976001562 0.014024718 0.009973720</span>
<span class="r-out co"><span class="r-pr">#&gt;</span> 12  0.978159119 0.011872120 0.009968761</span>
<span class="r-out co"><span class="r-pr">#&gt;</span> 13  0.974802168 0.015242481 0.009955351</span>
<span class="r-out co"><span class="r-pr">#&gt;</span> 14  0.966683531 0.018416709 0.014899760</span>
<span class="r-out co"><span class="r-pr">#&gt;</span> 15  0.964196626 0.020883482 0.014919892</span>
<span class="r-out co"><span class="r-pr">#&gt;</span> 16  0.958052789 0.022867950 0.019079261</span>
<span class="r-out co"><span class="r-pr">#&gt;</span> 17  0.975293104 0.014576530 0.010130366</span>
<span class="r-out co"><span class="r-pr">#&gt;</span> 18  0.979497314 0.011659446 0.008843240</span>
<span class="r-out co"><span class="r-pr">#&gt;</span> 19  0.966370756 0.021465128 0.012164116</span>
<span class="r-out co"><span class="r-pr">#&gt;</span> 20  0.976571772 0.013419876 0.010008352</span>
<span class="r-out co"><span class="r-pr">#&gt;</span> 21  0.970820961 0.017687835 0.011491203</span>
<span class="r-out co"><span class="r-pr">#&gt;</span> 22  0.977099639 0.013561291 0.009339070</span>
<span class="r-out co"><span class="r-pr">#&gt;</span> 23  0.967184458 0.017069940 0.015745602</span>
<span class="r-out co"><span class="r-pr">#&gt;</span> 24  0.966406020 0.022410023 0.011183957</span>
<span class="r-out co"><span class="r-pr">#&gt;</span> 25  0.974943280 0.014220281 0.010836439</span>
<span class="r-out co"><span class="r-pr">#&gt;</span> 26  0.966896372 0.022385110 0.010718517</span>
<span class="r-out co"><span class="r-pr">#&gt;</span> 27  0.976356343 0.014314271 0.009329386</span>
<span class="r-out co"><span class="r-pr">#&gt;</span> 28  0.978646780 0.012077409 0.009275811</span>
<span class="r-out co"><span class="r-pr">#&gt;</span> 29  0.978540939 0.012003856 0.009455205</span>
<span class="r-out co"><span class="r-pr">#&gt;</span> 30  0.976267305 0.013571176 0.010161519</span>
<span class="r-out co"><span class="r-pr">#&gt;</span> 31  0.974502697 0.015689566 0.009807737</span>
<span class="r-out co"><span class="r-pr">#&gt;</span> 32  0.969189320 0.019543959 0.011266721</span>
<span class="r-out co"><span class="r-pr">#&gt;</span> 33  0.965772991 0.019140914 0.015086095</span>
<span class="r-out co"><span class="r-pr">#&gt;</span> 34  0.967449539 0.018314700 0.014235761</span>
<span class="r-out co"><span class="r-pr">#&gt;</span> 35  0.975336120 0.015102158 0.009561722</span>
<span class="r-out co"><span class="r-pr">#&gt;</span> 36  0.979083560 0.011584032 0.009332408</span>
<span class="r-out co"><span class="r-pr">#&gt;</span> 37  0.972696265 0.015658574 0.011645161</span>
<span class="r-out co"><span class="r-pr">#&gt;</span> 38  0.977039429 0.011824118 0.011136453</span>
<span class="r-out co"><span class="r-pr">#&gt;</span> 39  0.970073118 0.017499355 0.012427527</span>
<span class="r-out co"><span class="r-pr">#&gt;</span> 40  0.979171525 0.011669429 0.009159046</span>
<span class="r-out co"><span class="r-pr">#&gt;</span> 41  0.979912102 0.011070664 0.009017234</span>
<span class="r-out co"><span class="r-pr">#&gt;</span> 42  0.863320457 0.115722964 0.020956579</span>
<span class="r-out co"><span class="r-pr">#&gt;</span> 43  0.971585143 0.014734937 0.013679920</span>
<span class="r-out co"><span class="r-pr">#&gt;</span> 44  0.970124858 0.018926158 0.010948984</span>
<span class="r-out co"><span class="r-pr">#&gt;</span> 45  0.972566446 0.016892180 0.010541375</span>
<span class="r-out co"><span class="r-pr">#&gt;</span> 46  0.970529042 0.019681043 0.009789916</span>
<span class="r-out co"><span class="r-pr">#&gt;</span> 47  0.975867408 0.013600269 0.010532323</span>
<span class="r-out co"><span class="r-pr">#&gt;</span> 48  0.976520113 0.012781810 0.010698078</span>
<span class="r-out co"><span class="r-pr">#&gt;</span> 49  0.977313711 0.013066546 0.009619743</span>
<span class="r-out co"><span class="r-pr">#&gt;</span> 50  0.979602907 0.011297024 0.009100069</span>
<span class="r-out co"><span class="r-pr">#&gt;</span> 51  0.018016668 0.942018350 0.039964982</span>
<span class="r-out co"><span class="r-pr">#&gt;</span> 52  0.010682753 0.965117572 0.024199675</span>
<span class="r-out co"><span class="r-pr">#&gt;</span> 53  0.014830190 0.859804248 0.125365561</span>
<span class="r-out co"><span class="r-pr">#&gt;</span> 54  0.005799533 0.957146161 0.037054306</span>
<span class="r-out co"><span class="r-pr">#&gt;</span> 55  0.009779906 0.907895227 0.082324867</span>
<span class="r-out co"><span class="r-pr">#&gt;</span> 56  0.007149602 0.971260708 0.021589690</span>
<span class="r-out co"><span class="r-pr">#&gt;</span> 57  0.011829717 0.912014932 0.076155350</span>
<span class="r-out co"><span class="r-pr">#&gt;</span> 58  0.027886628 0.951713016 0.020400355</span>
<span class="r-out co"><span class="r-pr">#&gt;</span> 59  0.011822726 0.975503052 0.012674222</span>
<span class="r-out co"><span class="r-pr">#&gt;</span> 60  0.008993852 0.953833029 0.037173119</span>
<span class="r-out co"><span class="r-pr">#&gt;</span> 61  0.026659816 0.934894488 0.038445696</span>
<span class="r-out co"><span class="r-pr">#&gt;</span> 62  0.008859894 0.971546277 0.019593829</span>
<span class="r-out co"><span class="r-pr">#&gt;</span> 63  0.014622813 0.976182030 0.009195156</span>
<span class="r-out co"><span class="r-pr">#&gt;</span> 64  0.007454222 0.950431500 0.042114278</span>
<span class="r-out co"><span class="r-pr">#&gt;</span> 65  0.016311091 0.978699217 0.004989693</span>
<span class="r-out co"><span class="r-pr">#&gt;</span> 66  0.012624299 0.975527774 0.011847927</span>
<span class="r-out co"><span class="r-pr">#&gt;</span> 67  0.010165847 0.934170603 0.055663550</span>
<span class="r-out co"><span class="r-pr">#&gt;</span> 68  0.011129594 0.986002734 0.002867672</span>
<span class="r-out co"><span class="r-pr">#&gt;</span> 69  0.017303024 0.821846757 0.160850219</span>
<span class="r-out co"><span class="r-pr">#&gt;</span> 70  0.007052890 0.986876378 0.006070732</span>
<span class="r-out co"><span class="r-pr">#&gt;</span> 71  0.013845393 0.564088177 0.422066430</span>
<span class="r-out co"><span class="r-pr">#&gt;</span> 72  0.008431317 0.987388878 0.004179804</span>
<span class="r-out co"><span class="r-pr">#&gt;</span> 73  0.011747653 0.663743989 0.324508357</span>
<span class="r-out co"><span class="r-pr">#&gt;</span> 74  0.008573569 0.979523401 0.011903031</span>
<span class="r-out co"><span class="r-pr">#&gt;</span> 75  0.009987852 0.984538906 0.005473243</span>
<span class="r-out co"><span class="r-pr">#&gt;</span> 76  0.011023596 0.976628711 0.012347693</span>
<span class="r-out co"><span class="r-pr">#&gt;</span> 77  0.015856842 0.919071960 0.065071198</span>
<span class="r-out co"><span class="r-pr">#&gt;</span> 78  0.011546429 0.421011614 0.567441957</span>
<span class="r-out co"><span class="r-pr">#&gt;</span> 79  0.006989223 0.934307978 0.058702799</span>
<span class="r-out co"><span class="r-pr">#&gt;</span> 80  0.014116449 0.982400433 0.003483117</span>
<span class="r-out co"><span class="r-pr">#&gt;</span> 81  0.007054108 0.984295952 0.008649940</span>
<span class="r-out co"><span class="r-pr">#&gt;</span> 82  0.009208350 0.984754424 0.006037226</span>
<span class="r-out co"><span class="r-pr">#&gt;</span> 83  0.007992899 0.988195602 0.003811499</span>
<span class="r-out co"><span class="r-pr">#&gt;</span> 84  0.008094078 0.299345152 0.692560770</span>
<span class="r-out co"><span class="r-pr">#&gt;</span> 85  0.012912237 0.920042410 0.067045352</span>
<span class="r-out co"><span class="r-pr">#&gt;</span> 86  0.019647043 0.942347912 0.038005045</span>
<span class="r-out co"><span class="r-pr">#&gt;</span> 87  0.011272090 0.929062890 0.059665021</span>
<span class="r-out co"><span class="r-pr">#&gt;</span> 88  0.015499798 0.947165883 0.037334319</span>
<span class="r-out co"><span class="r-pr">#&gt;</span> 89  0.015182742 0.978173470 0.006643788</span>
<span class="r-out co"><span class="r-pr">#&gt;</span> 90  0.005274954 0.970845762 0.023879284</span>
<span class="r-out co"><span class="r-pr">#&gt;</span> 91  0.006177915 0.971363297 0.022458788</span>
<span class="r-out co"><span class="r-pr">#&gt;</span> 92  0.008250729 0.969347722 0.022401549</span>
<span class="r-out co"><span class="r-pr">#&gt;</span> 93  0.006666973 0.987378031 0.005954996</span>
<span class="r-out co"><span class="r-pr">#&gt;</span> 94  0.021610353 0.959550786 0.018838861</span>
<span class="r-out co"><span class="r-pr">#&gt;</span> 95  0.006343639 0.976831446 0.016824915</span>
<span class="r-out co"><span class="r-pr">#&gt;</span> 96  0.015634300 0.979730252 0.004635448</span>
<span class="r-out co"><span class="r-pr">#&gt;</span> 97  0.009582457 0.982715901 0.007701642</span>
<span class="r-out co"><span class="r-pr">#&gt;</span> 98  0.008765624 0.985543059 0.005691318</span>
<span class="r-out co"><span class="r-pr">#&gt;</span> 99  0.026179005 0.960890401 0.012930594</span>
<span class="r-out co"><span class="r-pr">#&gt;</span> 100 0.007785926 0.983905221 0.008308853</span>
<span class="r-out co"><span class="r-pr">#&gt;</span> 101 0.012089155 0.003442997 0.984467848</span>
<span class="r-out co"><span class="r-pr">#&gt;</span> 102 0.006298282 0.026184044 0.967517674</span>
<span class="r-out co"><span class="r-pr">#&gt;</span> 103 0.007069375 0.005040845 0.987889780</span>
<span class="r-out co"><span class="r-pr">#&gt;</span> 104 0.007484530 0.023897441 0.968618029</span>
<span class="r-out co"><span class="r-pr">#&gt;</span> 105 0.006914575 0.001708572 0.991376853</span>
<span class="r-out co"><span class="r-pr">#&gt;</span> 106 0.010105922 0.007615037 0.982279041</span>
<span class="r-out co"><span class="r-pr">#&gt;</span> 107 0.011129194 0.374526737 0.614344069</span>
<span class="r-out co"><span class="r-pr">#&gt;</span> 108 0.009717367 0.016382127 0.973900506</span>
<span class="r-out co"><span class="r-pr">#&gt;</span> 109 0.009837036 0.027094954 0.963068010</span>
<span class="r-out co"><span class="r-pr">#&gt;</span> 110 0.012816247 0.011764075 0.975419677</span>
<span class="r-out co"><span class="r-pr">#&gt;</span> 111 0.010169151 0.070909755 0.918921094</span>
<span class="r-out co"><span class="r-pr">#&gt;</span> 112 0.006943378 0.019370156 0.973686466</span>
<span class="r-out co"><span class="r-pr">#&gt;</span> 113 0.007035070 0.006918701 0.986046229</span>
<span class="r-out co"><span class="r-pr">#&gt;</span> 114 0.006208558 0.018374362 0.975417080</span>
<span class="r-out co"><span class="r-pr">#&gt;</span> 115 0.009040381 0.002081267 0.988878352</span>
<span class="r-out co"><span class="r-pr">#&gt;</span> 116 0.009018679 0.007084258 0.983897063</span>
<span class="r-out co"><span class="r-pr">#&gt;</span> 117 0.008390174 0.047624171 0.943985655</span>
<span class="r-out co"><span class="r-pr">#&gt;</span> 118 0.019440821 0.019584392 0.960974787</span>
<span class="r-out co"><span class="r-pr">#&gt;</span> 119 0.020942381 0.019603845 0.959453774</span>
<span class="r-out co"><span class="r-pr">#&gt;</span> 120 0.014654375 0.581496355 0.403849270</span>
<span class="r-out co"><span class="r-pr">#&gt;</span> 121 0.007401150 0.004004820 0.988594030</span>
<span class="r-out co"><span class="r-pr">#&gt;</span> 122 0.007536338 0.029840806 0.962622856</span>
<span class="r-out co"><span class="r-pr">#&gt;</span> 123 0.013968198 0.016997252 0.969034549</span>
<span class="r-out co"><span class="r-pr">#&gt;</span> 124 0.008303268 0.130802608 0.860894123</span>
<span class="r-out co"><span class="r-pr">#&gt;</span> 125 0.007929268 0.012497656 0.979573076</span>
<span class="r-out co"><span class="r-pr">#&gt;</span> 126 0.008541791 0.028070519 0.963387690</span>
<span class="r-out co"><span class="r-pr">#&gt;</span> 127 0.008492080 0.191068451 0.800439469</span>
<span class="r-out co"><span class="r-pr">#&gt;</span> 128 0.009814490 0.255618646 0.734566863</span>
<span class="r-out co"><span class="r-pr">#&gt;</span> 129 0.006588320 0.002384202 0.991027477</span>
<span class="r-out co"><span class="r-pr">#&gt;</span> 130 0.014223136 0.129980477 0.855796388</span>
<span class="r-out co"><span class="r-pr">#&gt;</span> 131 0.010360472 0.020082950 0.969556577</span>
<span class="r-out co"><span class="r-pr">#&gt;</span> 132 0.021219387 0.027097336 0.951683278</span>
<span class="r-out co"><span class="r-pr">#&gt;</span> 133 0.006863242 0.001581885 0.991554873</span>
<span class="r-out co"><span class="r-pr">#&gt;</span> 134 0.009774786 0.632063898 0.358161317</span>
<span class="r-out co"><span class="r-pr">#&gt;</span> 135 0.011145372 0.336331486 0.652523142</span>
<span class="r-out co"><span class="r-pr">#&gt;</span> 136 0.011459172 0.010652948 0.977887880</span>
<span class="r-out co"><span class="r-pr">#&gt;</span> 137 0.012506786 0.011143401 0.976349813</span>
<span class="r-out co"><span class="r-pr">#&gt;</span> 138 0.009706627 0.068448892 0.921844482</span>
<span class="r-out co"><span class="r-pr">#&gt;</span> 139 0.010151582 0.323133322 0.666715096</span>
<span class="r-out co"><span class="r-pr">#&gt;</span> 140 0.007447350 0.013113483 0.979439166</span>
<span class="r-out co"><span class="r-pr">#&gt;</span> 141 0.007942345 0.002236817 0.989820838</span>
<span class="r-out co"><span class="r-pr">#&gt;</span> 142 0.008867815 0.010368420 0.980763765</span>
<span class="r-out co"><span class="r-pr">#&gt;</span> 143 0.006298282 0.026184044 0.967517674</span>
<span class="r-out co"><span class="r-pr">#&gt;</span> 144 0.007332162 0.002726348 0.989941491</span>
<span class="r-out co"><span class="r-pr">#&gt;</span> 145 0.009680222 0.003893798 0.986425980</span>
<span class="r-out co"><span class="r-pr">#&gt;</span> 146 0.008094219 0.004626548 0.987279233</span>
<span class="r-out co"><span class="r-pr">#&gt;</span> 147 0.008151038 0.048894806 0.942954156</span>
<span class="r-out co"><span class="r-pr">#&gt;</span> 148 0.007649474 0.023158014 0.969192512</span>
<span class="r-out co"><span class="r-pr">#&gt;</span> 149 0.013181916 0.024330207 0.962487876</span>
<span class="r-out co"><span class="r-pr">#&gt;</span> 150 0.009914797 0.156401275 0.833683928</span>
<span class="r-in"><span><span class="co"># }</span></span></span>
</code></pre></div>
    </div>
  </div>
  <div class="col-md-3 hidden-xs hidden-sm" id="pkgdown-sidebar">
    <nav id="toc" data-toggle="toc" class="sticky-top"><h2 data-toc-skip>Contents</h2>
    </nav></div>
</div>


      <footer><div class="copyright">
  <p></p><p>Developed by T. Moudiki.</p>
</div>

<div class="pkgdown">
  <p></p><p>Site built with <a href="https://pkgdown.r-lib.org/" class="external-link">pkgdown</a> 2.1.1.</p>
</div>

      </footer></div>






  </body></html>

